42.131753 65.470980 40.489137 62.973772 9.189652 9.568235 15.176278 12.800040 10.179974 180169.000000 36752.000000 23079.000000 
8.747869 0.821786 0.108634 47.941828 -0.457657 0.617245 87.208911 2.696867 4.289188 151844.000000 51485.000000 36671.000000 
71.066081 12.664190 8.988058 73.840085 0.260083 -2.574612 48.393786 14.126045 9.771546 142241.000000 48937.000000 48822.000000 
39.361179 -0.450101 -9.200548 77.687097 9.149559 14.789765 51.284329 20.039870 23.396297 113021.000000 77855.000000 49124.000000 
87.610420 0.585685 4.284670 65.824722 28.934092 38.352985 16.968166 4.708604 2.731204 130432.000000 65926.000000 43642.000000 
11.772991 0.729324 0.331012 42.282280 7.256032 5.183596 82.395546 3.068770 1.640781 169070.000000 42730.000000 28200.000000 
44.304066 66.983239 -0.723166 78.981983 3.161441 10.223433 31.569253 23.706567 8.152652 166557.000000 55485.000000 17958.000000 
72.481532 8.001770 16.220763 57.668665 16.566258 23.191486 62.405651 50.023776 29.138774 138704.000000 60335.000000 40961.000000 
18.397023 15.878652 -14.765626 63.295502 0.410575 -3.236324 52.810687 19.768173 25.940622 183602.000000 36856.000000 19542.000000 
90.873585 0.478240 -1.056210 73.797962 0.721993 -2.313357 61.810851 15.584984 21.609804 140538.000000 79747.000000 19715.000000 
17.529387 6.376171 -16.754726 92.311842 2.960310 3.381989 68.940828 18.829322 22.891875 168770.000000 48540.000000 22690.000000 
29.882304 -12.034494 -4.295782 69.681352 2.492383 9.839772 20.142581 9.817956 11.851738 160000.000000 58820.000000 21180.000000 
41.691899 3.130491 5.007833 18.205848 2.709582 1.264503 72.207124 4.481568 6.453120 107771.000000 71463.000000 60766.000000 
89.772166 2.601140 -1.682459 57.410466 2.075515 -0.826592 70.660134 16.460638 21.575266 130496.000000 71760.000000 37744.000000 
72.415720 -2.398374 -13.351698 24.385549 10.204280 2.861711 71.037150 20.207504 20.474807 204337.000000 21635.000000 14028.000000 
80.323835 6.692030 7.892588 56.754174 12.885234 14.106941 30.185212 12.653602 11.972363 118015.000000 78727.000000 43258.000000 
29.540627 42.184227 2.806625 67.313334 -0.235511 6.716516 71.458889 19.221801 23.479324 170157.000000 35402.000000 34441.000000 
14.035661 0.747157 -0.724146 5.789470 0.263860 -0.133116 77.240116 0.031764 -2.777898 104388.000000 88188.000000 47424.000000 
73.186860 1.146006 1.735441 58.521256 10.704471 20.481661 18.897079 2.894647 4.922925 85128.000000 83105.000000 71767.000000 
43.613424 64.938551 27.224238 49.840821 3.230196 -0.924757 66.058904 18.285411 19.789950 163610.000000 42036.000000 34354.000000 
27.264716 29.316949 7.974531 73.145397 1.044689 -2.237353 12.592058 11.133371 4.867069 177883.000000 39853.000000 22264.000000 
13.191134 0.721859 -0.852579 47.750869 2.267593 2.766822 77.737785 5.656723 14.357409 90319.000000 78317.000000 71364.000000 
18.375732 23.055832 -16.829764 71.655603 1.459164 -2.126888 73.526064 14.773263 19.118774 177672.000000 33828.000000 28500.000000 
18.190569 13.276553 4.931322 78.615789 2.229114 4.443485 49.656383 9.688159 10.774001 140523.000000 55357.000000 44120.000000 
60.023546 1.948316 -0.731191 78.703979 4.894905 2.907424 25.064654 3.754508 0.443165 113994.000000 107951.000000 18055.000000 
37.251516 60.269976 35.660762 56.307655 0.954755 -2.687366 67.676896 19.247496 19.362920 145285.000000 52087.000000 42628.000000 
28.439002 40.507578 6.723985 67.264895 11.759655 16.070174 91.759145 -0.286165 5.933018 161862.000000 49885.000000 28253.000000 
53.934854 23.084098 28.539297 25.783004 19.848562 20.014428 72.025501 4.288869 12.335082 133344.000000 60379.000000 46277.000000 
53.525997 71.101967 34.212312 74.840038 3.342451 2.153339 36.571992 55.458150 27.232935 129739.000000 67901.000000 42360.000000 
23.470425 8.913589 -16.946902 81.688466 1.326320 -1.834997 18.678560 7.744164 -1.328604 162509.000000 57381.000000 20110.000000 
13.411092 24.230809 -7.362210 88.387688 0.861020 -1.935878 34.833260 1.522369 -8.183720 171561.000000 55951.000000 12488.000000 
6.132462 0.668015 -1.356226 75.996981 2.287657 9.578027 47.599437 3.970864 11.805928 169020.000000 44317.000000 26663.000000 
79.480319 2.977547 7.928498 18.454972 2.206432 0.467285 53.884777 51.908750 17.415431 154646.000000 48514.000000 36840.000000 
14.320205 3.081740 -1.963420 61.085457 19.927894 27.405783 78.328106 -0.210828 5.735556 179886.000000 33987.000000 26127.000000 
34.336982 7.941316 -11.731641 18.858090 6.675259 -10.326092 74.090322 10.097751 15.118289 132850.000000 71545.000000 35605.000000 
39.859377 61.974836 33.796222 69.479543 0.640700 -2.013489 46.334812 16.608606 15.710444 127403.000000 71580.000000 41017.000000 
11.276519 1.081955 -2.170237 90.155350 0.111217 0.453718 58.434384 13.983949 22.061042 163284.000000 48143.000000 28573.000000 
66.032107 5.348899 5.001556 90.223972 1.127308 2.745155 23.861772 1.657286 -0.478244 107755.000000 82692.000000 49553.000000 
90.449160 4.425195 12.404254 76.040526 9.758224 18.444706 52.825622 7.675393 14.429539 156345.000000 55137.000000 28518.000000 
13.334345 0.171855 0.241118 90.005556 1.061373 8.414828 59.034414 5.721129 13.827250 151622.000000 46293.000000 42085.000000 
12.828345 1.403693 1.543258 74.850374 0.126793 7.298919 34.399903 12.073810 11.014034 141492.000000 65864.000000 32644.000000 
90.919829 0.936540 -1.436249 66.034434 9.494334 13.093801 36.563906 11.740270 14.626948 108921.000000 66699.000000 64380.000000 
18.926533 7.053035 -16.195977 82.269405 2.679491 8.412110 48.242652 1.409616 7.954022 167892.000000 50302.000000 21806.000000 
24.923881 10.345192 11.606927 53.224211 35.091728 20.027491 80.190789 8.455811 7.627575 119887.000000 69453.000000 50660.000000 
62.829123 27.546707 12.928058 80.085343 1.558480 8.554489 34.656542 27.038635 16.985173 141291.000000 62265.000000 36444.000000 
13.245352 0.349655 0.295964 76.793351 7.465972 11.924095 44.447198 12.818093 14.621170 194269.000000 30861.000000 14870.000000 
25.724790 12.380551 -6.923726 74.374398 2.678043 -3.042442 61.365398 16.878853 21.814522 98209.000000 94578.000000 47213.000000 
83.578876 8.796538 -5.317051 43.818487 21.641259 -10.023701 59.160159 17.992668 23.343755 151803.000000 65577.000000 22620.000000 
73.058138 4.615026 -1.560957 18.125129 2.169903 0.795287 46.261755 14.598012 5.346826 114188.000000 87390.000000 38422.000000 
62.842107 21.687932 -18.365798 76.319707 11.420128 14.502051 39.975040 20.031452 -17.321382 167085.000000 47859.000000 25056.000000 
67.039797 -1.761704 -6.090338 84.896197 0.160849 3.114191 64.322149 17.367346 23.156295 156135.000000 45914.000000 37951.000000 
69.152867 17.144195 17.458969 38.314852 16.158171 16.796074 94.311717 -0.506781 6.299852 133469.000000 70176.000000 36355.000000 
86.125283 0.362471 -0.629264 15.743937 0.200310 -0.046038 70.954142 10.489619 19.387379 95179.000000 84852.000000 59969.000000 
67.718319 5.013072 9.104323 89.290702 1.793031 -4.844317 26.872218 4.594552 1.384714 121304.000000 87854.000000 30842.000000 
35.835701 1.117934 -0.271950 78.257692 0.022513 -3.213123 66.494282 20.385007 25.001931 178995.000000 49719.000000 11286.000000 
14.163776 0.225043 0.297105 82.576549 1.029715 8.264946 54.564088 13.121889 21.810923 195398.000000 26279.000000 18323.000000 
8.087534 0.203335 0.221549 74.439132 -0.324425 6.822123 62.597526 17.651902 23.952834 156255.000000 55561.000000 28184.000000 
28.754020 7.274813 3.953584 70.593929 3.785981 3.338946 9.143941 4.011196 0.428194 115629.000000 71269.000000 53102.000000 
75.659041 2.013214 8.713973 52.570572 49.361335 26.397324 27.322030 10.620805 -31.726884 150284.000000 47459.000000 42257.000000 
88.565589 -1.127942 6.266002 73.537052 1.204015 7.933279 21.725805 9.523092 11.474566 160375.000000 64516.000000 15109.000000 
16.038983 3.878132 -13.035214 71.332012 2.879517 10.285920 23.167888 12.186967 15.021414 158100.000000 61071.000000 20829.000000 
82.795749 1.715695 6.361589 16.548525 3.001315 -2.731067 46.704842 11.548839 6.745002 85747.000000 83914.000000 70339.000000 
90.644079 -0.234356 3.590449 68.019503 15.057741 21.188211 44.257328 6.354425 7.541683 160360.000000 42760.000000 36880.000000 
87.330772 6.825054 12.398266 74.035556 11.914421 16.156800 51.352183 6.581954 13.253709 101537.000000 88413.000000 50050.000000 
22.027826 2.762607 -3.652180 85.593413 3.598335 3.022911 51.968669 8.043855 2.421757 101707.000000 77326.000000 60967.000000 
43.413739 67.371336 37.672405 67.598895 4.302655 2.328410 23.237585 11.703928 7.346152 128538.000000 84254.000000 27208.000000 
63.870159 3.970298 -4.689069 43.812237 2.806913 -0.310263 16.231736 5.818599 -1.427873 110050.000000 77001.000000 52949.000000 
11.400545 0.255949 -1.132642 79.882411 -0.558378 6.145667 73.613568 15.773071 17.326507 176350.000000 39002.000000 24648.000000 
73.389135 18.364930 -6.942285 63.770180 12.768105 18.042841 30.990292 17.401225 -6.792928 143294.000000 50509.000000 46197.000000 
68.912981 9.021070 13.156313 14.182074 3.108895 3.263511 40.289864 10.281665 13.009901 95090.000000 89589.000000 55321.000000 
25.831199 14.900974 -42.038861 58.464919 0.659558 7.320937 74.533529 10.824987 18.644845 160374.000000 41803.000000 37823.000000 
59.436128 19.956710 -1.796809 74.428261 1.634760 8.728152 33.343268 18.261654 -2.341520 112064.000000 75762.000000 52174.000000 
56.174073 11.007977 9.897274 23.293359 1.724540 2.022246 80.680739 8.977028 6.879830 89940.000000 82905.000000 67155.000000 
8.749988 18.384185 -18.572216 25.213544 20.231820 -18.778844 65.899906 6.657913 5.499082 104310.000000 73402.000000 62288.000000 
17.184493 6.730931 -14.657733 85.935132 -0.313170 -4.033270 57.811383 16.828665 22.605905 157595.000000 54905.000000 27500.000000 
25.592785 3.780162 -5.889929 79.888135 0.171555 -2.886476 72.394031 16.033711 17.337718 167444.000000 47143.000000 25413.000000 
20.454560 1.281035 1.575265 92.231385 1.604547 -2.044421 71.620859 1.713874 -0.128794 116730.000000 64997.000000 58273.000000 
52.984425 62.321566 46.676894 76.968863 4.882799 10.716621 34.080629 15.752680 15.474806 149192.000000 64841.000000 25967.000000 
15.707416 3.294134 0.266358 75.936719 9.010327 8.954891 34.544744 43.876113 17.815416 135710.000000 64290.000000 40000.000000 
50.375312 -1.685167 3.128492 30.166146 0.482380 0.484760 72.561763 -0.090946 7.041595 129860.000000 55815.000000 54325.000000 
25.523325 -6.661924 9.296358 78.902220 -0.387868 6.554627 66.143275 17.360538 23.796382 178996.000000 31773.000000 29231.000000 
80.594517 8.120537 -7.796175 37.238760 25.115551 -17.786993 67.596912 15.557928 22.832272 92417.000000 80649.000000 66934.000000 
11.833864 6.654865 -0.376399 37.218534 1.854011 12.242990 82.040118 -2.501123 11.456972 113762.000000 75768.000000 50470.000000 
7.815780 0.366029 0.398092 80.161594 5.875609 12.096794 44.270407 5.332034 8.811635 112138.000000 76979.000000 50883.000000 
65.425572 36.848936 20.934830 82.394598 0.933213 7.834849 29.858495 27.929760 18.520610 147969.000000 52902.000000 39129.000000 
91.231592 -0.068509 2.232089 60.257375 19.395522 26.050319 66.184358 0.407957 4.393406 101826.000000 74158.000000 64016.000000 
13.076488 1.886555 -3.494574 81.752047 5.977544 11.809448 53.675184 1.231777 8.390333 189408.000000 28746.000000 21846.000000 
13.217601 1.019310 0.844331 77.785855 0.228888 -2.444725 60.956142 15.750675 17.072308 156974.000000 54297.000000 28729.000000 
74.792615 9.007797 3.498188 48.165193 67.508770 30.661874 11.357673 7.083504 1.858132 98601.000000 75730.000000 65669.000000 
14.400676 0.191790 -0.088269 82.615978 0.170837 -2.871211 69.363559 17.243283 23.013291 148795.000000 55308.000000 35897.000000 
38.410182 61.475632 35.857794 79.442412 4.426387 1.779538 17.252979 13.205624 7.802399 164535.000000 56824.000000 18641.000000 
13.625623 1.491420 -3.962470 65.641184 -1.152017 -0.504158 27.655856 26.482150 -18.557225 103987.000000 102461.000000 33552.000000 
51.124223 27.252435 22.190147 74.168970 2.281806 6.999011 28.305326 14.323139 -16.241232 92297.000000 77978.000000 69725.000000 
72.988120 -0.736575 9.232725 27.955452 9.400188 -7.323708 55.344841 36.452274 25.978085 135882.000000 75356.000000 28762.000000 
12.025875 2.172020 -2.898708 78.325899 2.067752 7.802058 32.068281 5.954973 3.673198 161775.000000 43011.000000 35214.000000 
24.852608 27.040945 5.177310 79.617296 1.087391 -2.940517 69.271970 17.358724 22.256885 205031.000000 17594.000000 17375.000000 
82.048873 -0.038726 5.867602 60.002116 14.230759 21.282041 43.299869 -8.306262 -10.445882 155390.000000 59189.000000 25421.000000 
16.363567 4.303760 -3.836869 76.325659 0.850218 2.994342 66.466547 16.113890 23.393625 131072.000000 88791.000000 20137.000000 
63.143628 21.870274 -18.608401 65.861469 14.800395 21.646506 78.236707 1.333085 -1.810939 173062.000000 40562.000000 26376.000000 
89.446409 1.488039 3.808473 71.724212 4.268084 6.340954 47.466840 7.234352 5.332360 170449.000000 49272.000000 20279.000000 
78.610981 0.752798 2.470777 13.017039 1.585652 1.125992 54.277515 7.394441 8.749153 125708.000000 67304.000000 46988.000000 
71.420912 6.297892 9.378660 27.066894 6.376467 -4.062391 44.721360 25.291954 24.627881 99702.000000 83557.000000 56741.000000 
88.421608 1.122091 7.560436 69.268373 13.027746 18.513947 32.508305 1.141475 -5.440996 191573.000000 32539.000000 15888.000000 
13.600520 0.413475 0.227460 61.837112 4.210686 2.686471 90.554014 0.025625 -2.662473 159828.000000 40475.000000 39697.000000 
47.453402 67.437892 29.200555 80.236729 7.399062 7.951775 19.897305 12.771262 2.741145 192532.000000 24446.000000 23022.000000 
89.868100 6.230465 8.659629 67.930265 17.156476 16.426738 20.465385 11.715417 12.550741 179032.000000 49682.000000 11286.000000 
68.102854 32.926498 21.973351 70.083052 -0.104934 6.395717 34.978305 12.548626 8.399428 166526.000000 59489.000000 13985.000000 
11.567695 26.769057 12.994007 79.212993 9.900287 13.905488 45.316191 47.009532 13.446464 94330.000000 79500.000000 66170.000000 
71.412915 25.625788 35.385557 85.530839 6.933407 10.393954 33.303975 16.000007 17.685451 113080.000000 109340.000000 17580.000000 
16.864156 7.229109 2.667217 27.895151 27.140202 7.629407 66.948461 3.542366 1.768811 114996.000000 66883.000000 58121.000000 
6.947160 0.486530 0.343790 56.980408 0.127276 7.812420 24.812147 13.266950 15.949067 175707.000000 45726.000000 18567.000000 
48.896388 -1.963168 14.937365 77.178845 -0.248607 -2.096559 74.488350 14.369122 20.561020 173212.000000 47081.000000 19707.000000 
24.621482 12.863066 -35.444661 67.991410 6.989565 11.492750 85.422857 -0.418460 5.783892 120789.000000 61706.000000 57505.000000 
15.378818 2.563889 1.054734 78.677463 0.158528 -2.497857 60.647193 17.614565 21.696505 147197.000000 55835.000000 36968.000000 
68.099389 1.466239 4.236141 23.817567 4.189442 3.772356 65.865317 15.211209 23.268815 109645.000000 91199.000000 39156.000000 
12.175538 0.260170 0.178573 73.547365 0.047614 -2.854951 69.024631 14.431822 22.164572 177231.000000 36851.000000 25918.000000 
65.773156 -0.023669 -2.120035 27.049062 3.205857 -2.705216 74.481926 14.471971 15.772819 122827.000000 89052.000000 28121.000000 
35.251685 29.186471 -9.215635 15.090229 17.700176 -4.752598 82.194554 5.451948 8.081128 82525.000000 78755.000000 78720.000000 
13.652997 6.128937 -10.655999 23.617519 16.162143 -0.448049 66.074952 3.755144 2.977538 144351.000000 51976.000000 43673.000000 
61.296471 5.135350 -31.264360 83.158966 2.160809 -13.183730 59.734400 11.085013 16.303201 85593.000000 79205.000000 75202.000000 
82.868167 0.236650 0.516631 45.647907 0.536586 0.866996 59.821805 12.483131 22.425427 185500.000000 31354.000000 23146.000000 
92.618937 3.073436 -8.354978 80.849395 5.189993 -2.065522 65.797084 5.185030 0.180577 119137.000000 90042.000000 30821.000000 
11.882856 1.006818 -1.697411 73.165550 -0.034301 -2.799269 62.579002 15.821995 20.862474 152752.000000 62610.000000 24638.000000 
41.993391 0.459497 0.493813 71.433040 0.094796 -1.714666 70.465378 15.880227 20.867199 115831.000000 67917.000000 56252.000000 
15.181332 0.837545 0.706501 67.361434 19.350956 25.373320 61.573107 0.298521 -1.097718 177438.000000 32086.000000 30476.000000 
82.696110 9.044272 8.816311 63.267937 0.150756 -3.402954 63.107883 14.067754 16.495045 145886.000000 60967.000000 33147.000000 
61.339177 -0.857324 2.878186 31.842806 0.965828 3.212371 64.990253 19.165819 25.243429 195197.000000 30550.000000 14253.000000 
89.749896 -0.660783 -0.755591 64.827349 22.839723 25.894228 23.375700 9.680305 8.211222 202680.000000 22891.000000 14429.000000 
26.921946 24.978946 5.292349 75.564304 0.394493 -2.517005 69.727406 17.073384 22.850012 180506.000000 34483.000000 25011.000000 
9.281373 1.372139 -1.190887 86.269089 0.256785 -2.483791 55.267147 17.040745 17.620748 168507.000000 48327.000000 23166.000000 
88.294626 2.960151 -4.886346 47.112923 2.765905 -4.825852 49.170733 19.299475 18.076391 170604.000000 58884.000000 10512.000000 
12.936704 7.441776 6.228173 71.963281 4.551226 10.259376 37.729857 5.449313 7.376428 110700.000000 72720.000000 56580.000000 
48.118786 -2.476706 12.009458 15.951243 1.663608 4.605665 81.206824 8.937818 11.618554 142132.000000 67642.000000 30226.000000 
36.997640 -1.475551 13.718539 72.958442 -0.074090 -2.687933 71.022953 17.550802 22.464170 176550.000000 48270.000000 15180.000000 
12.002766 0.301393 0.007278 75.545538 1.634069 -3.811110 66.062770 17.546720 25.587883 159278.000000 49818.000000 30904.000000 
70.176304 15.124577 19.110557 41.066087 17.477637 19.076346 69.806957 0.338519 -2.340665 161881.000000 40638.000000 37481.000000 
42.535908 64.656641 34.277400 77.909024 0.198543 -2.543879 52.578216 22.046047 22.175573 143428.000000 75993.000000 20579.000000 
27.129028 28.441579 6.578272 13.394599 17.214905 3.593010 72.073948 5.670404 11.265889 105466.000000 67484.000000 67050.000000 
72.365042 -2.228435 -11.021875 69.658269 4.289718 10.547708 25.801732 1.691699 -0.981055 150773.000000 45739.000000 43488.000000 
13.413665 3.113433 2.570763 59.858269 11.213092 33.202322 55.858338 4.399403 -7.417858 118022.000000 61148.000000 60830.000000 
48.450971 -36.199585 4.689612 71.009824 3.865824 11.269892 25.589130 -23.059067 7.960072 146324.000000 61730.000000 31946.000000 
25.456155 6.658613 -2.869116 72.858206 4.492524 1.173219 68.786488 21.419023 -16.946178 86898.000000 79129.000000 73973.000000 
25.457373 26.521655 -29.711148 64.723100 0.498042 -3.386352 72.346832 15.119513 20.927260 197172.000000 29355.000000 13473.000000 
81.380142 16.223752 19.245633 93.027073 0.145398 6.969190 57.674460 22.361602 23.692202 140892.000000 63274.000000 35834.000000 
24.524839 1.457198 -10.875757 75.637735 3.310466 0.900765 56.758146 -2.171767 -17.648765 101305.000000 75201.000000 63494.000000 
91.977173 -0.340284 2.476967 60.598213 19.129494 21.828552 25.028679 4.949366 1.851423 189406.000000 33048.000000 17546.000000 
54.038169 5.386620 10.160201 77.380542 6.910091 12.818988 24.603435 7.156865 10.666805 115484.000000 70162.000000 54354.000000 
9.974880 0.137174 -0.975839 74.099131 3.974794 3.311884 33.925914 3.470454 1.982261 164185.000000 53777.000000 22038.000000 
9.144797 1.748129 -0.359017 56.350667 13.370637 17.473370 82.293528 0.011296 -2.683968 170707.000000 35441.000000 33852.000000 
39.617455 36.837622 13.709879 88.872682 0.236413 11.127467 68.226270 3.634575 9.443317 86104.000000 81780.000000 72116.000000 
15.488028 4.702144 0.924833 69.117788 0.222526 -2.752891 63.273915 16.158034 16.244017 146800.000000 53606.000000 39594.000000 
55.753713 6.375193 10.108760 24.075596 2.628518 -0.728905 43.432597 0.337374 -20.064323 123098.000000 80265.000000 36637.000000 
20.026713 7.145061 7.092856 66.580079 13.202337 19.726977 73.932740 0.735544 -0.630293 89250.000000 85928.000000 64822.000000 
8.997531 0.230893 0.224770 77.391073 0.834490 8.146064 35.449188 7.741284 8.319687 181855.000000 41906.000000 16239.000000 
45.207811 69.958814 33.376754 84.129178 1.828713 7.941133 25.011454 15.403282 11.169667 167643.000000 44925.000000 27432.000000 
47.471027 0.404926 0.850738 27.753475 0.755587 0.373301 86.590690 3.027449 3.635062 125968.000000 92342.000000 21690.000000 
92.171268 -1.013374 2.820018 71.721931 13.740906 24.236302 13.574595 2.688075 2.984939 207130.000000 26522.000000 6348.000000 
90.331070 0.552616 -0.856682 69.985632 3.647100 4.166825 27.981943 9.225485 9.902742 160684.000000 47587.000000 31729.000000 
79.457302 3.987311 5.200527 43.916132 27.008900 -0.071247 19.396073 12.389878 -0.725339 126114.000000 66060.000000 47826.000000 
26.894563 -15.531787 1.313358 74.844239 -2.025005 0.332408 61.486607 20.299869 22.259440 131575.000000 67970.000000 40455.000000 
71.846592 -0.348335 -9.987206 47.791609 -0.857398 -10.927722 22.479885 9.345866 7.392262 152963.000000 64933.000000 22104.000000 
18.290596 0.260970 -1.263313 61.237933 11.928993 15.150748 88.120957 0.277807 -2.360194 191018.000000 25866.000000 23116.000000 
83.686114 1.382888 7.105024 69.643558 11.162900 14.204414 43.225152 17.047603 15.763617 154563.000000 67330.000000 18107.000000 
62.672001 0.213028 -23.828213 26.073084 4.130171 -24.131154 83.845037 5.379422 0.044561 151138.000000 49646.000000 39216.000000 
84.492058 7.817503 13.378576 66.343334 16.502469 22.652446 20.973083 10.654435 9.236336 156369.000000 69025.000000 14606.000000 
14.265081 0.787140 0.009547 79.767301 1.412126 4.668800 54.507606 34.507775 -1.853140 110105.000000 101948.000000 27947.000000 
14.027214 4.691352 5.609753 68.190046 5.659373 6.345984 37.892219 6.344086 6.763823 87551.000000 77093.000000 75356.000000 
82.599714 -14.324637 2.569538 87.498573 -0.919226 15.624149 60.302345 11.853413 20.938302 106754.000000 77489.000000 55757.000000 
27.329909 0.753315 -11.159458 65.944843 -0.134346 -3.445694 55.782883 17.931045 26.676804 166216.000000 55419.000000 18365.000000 
81.001356 4.545547 7.977994 51.703244 14.088050 16.398000 22.340260 10.136911 7.415690 93434.000000 81116.000000 65450.000000 
61.750083 26.895596 17.726573 37.829307 25.945645 18.354405 78.697358 0.596981 -2.170112 170802.000000 53258.000000 15940.000000 
39.958155 2.109924 -0.499132 87.136841 -0.266901 6.206085 65.788652 17.526029 22.070898 166281.000000 52411.000000 21308.000000 
72.808631 -5.295545 -12.998283 91.229585 -1.380681 -3.640046 63.716497 11.054646 17.799849 101643.000000 101395.000000 36962.000000 
12.654004 1.714351 0.343159 72.510281 4.002677 8.896537 38.952067 11.117239 7.575618 102989.000000 85914.000000 51097.000000 
9.163867 1.899905 -0.950959 86.623669 -0.416825 6.654342 61.306912 19.209615 27.086505 161220.000000 47385.000000 31395.000000 
24.746712 -6.871037 -18.336356 73.206827 -0.139816 -2.945791 58.125505 18.843759 20.681981 158099.000000 58488.000000 23413.000000 
87.524754 -0.174648 -0.388146 66.772598 6.756066 12.496199 55.532740 1.612779 -17.053808 129522.000000 56224.000000 54254.000000 
13.750291 1.529207 1.499240 57.332899 13.118365 19.797135 76.061693 0.199151 -2.451949 166040.000000 38662.000000 35298.000000 
38.934298 39.946822 41.322775 57.350760 -0.025176 7.156042 67.777930 17.716730 26.563677 156444.000000 56747.000000 26809.000000 
47.605500 2.010117 -0.967547 24.754484 5.649350 2.489722 84.326026 6.515039 8.016705 119718.000000 86984.000000 33298.000000 
32.664213 0.502934 -12.204284 81.384549 1.263116 7.488376 38.332663 10.413045 10.828560 114933.000000 69543.000000 55524.000000 
22.721103 4.898107 -13.260919 78.005307 0.882754 -1.559387 20.158471 8.960625 7.385510 196080.000000 30680.000000 13240.000000 
12.289558 0.541731 -1.224640 56.852668 1.081340 -1.488272 91.985348 0.385939 -2.167483 186452.000000 27575.000000 25973.000000 
59.885111 7.643871 15.749892 83.984267 -0.362931 6.264366 34.655870 9.226689 16.587743 125399.000000 68309.000000 46292.000000 
68.119471 9.130786 19.857573 83.599955 2.134216 6.220407 45.472383 11.706957 22.096482 106197.000000 97568.000000 36235.000000 
24.189621 3.565742 0.991058 77.715348 7.819372 9.765222 50.824670 9.350137 5.623188 98160.000000 91984.000000 49856.000000 
90.874587 1.135446 -1.101864 66.482879 7.898647 13.646688 22.576151 3.842359 -1.252546 179014.000000 55703.000000 5283.000000 
11.291200 6.483370 -4.458464 30.969478 12.108918 -40.745995 73.419055 7.832620 6.760065 100242.000000 87569.000000 52189.000000 
18.897768 2.374243 2.845710 76.460010 1.641716 2.576577 55.519296 12.538619 16.715154 105560.000000 84057.000000 50383.000000 
24.847672 5.734221 5.325948 75.837276 1.498181 -0.885290 72.462767 13.703172 18.941377 87400.000000 83823.000000 68777.000000 
26.073986 28.736347 4.586731 79.193968 3.915665 10.156891 8.310091 14.421818 1.285935 130097.000000 79205.000000 30698.000000 
70.991246 6.214122 11.382792 51.559177 9.651010 15.396148 78.154768 0.026299 -2.643288 141659.000000 59270.000000 39071.000000 
29.393037 -0.409967 -12.758568 57.582948 5.163124 11.810803 81.817174 -0.174317 5.677397 173205.000000 44075.000000 22720.000000 
16.986378 0.716519 0.453954 78.871537 3.037530 8.496453 47.989779 3.166902 4.336294 111548.000000 91284.000000 37168.000000 
71.463820 -0.425743 -11.665161 45.398337 0.639173 -11.049639 70.936067 13.503108 20.317901 177041.000000 50489.000000 12470.000000 
71.481306 1.718523 -0.793206 21.300001 4.397577 -6.240512 41.166932 2.711115 -26.129873 97849.000000 74236.000000 67915.000000 
86.729709 -48.756940 57.580769 34.937868 2.395948 -2.392475 53.597521 5.857930 28.665951 157446.000000 70632.000000 11922.000000 
68.727377 -8.239975 1.842285 70.642508 13.066871 22.550063 37.413845 -7.494477 1.060486 168329.000000 41640.000000 30031.000000 
8.177088 2.579286 0.112998 74.150496 2.441670 7.385699 40.942318 14.305768 10.513072 111244.000000 78265.000000 50491.000000 
18.231655 2.605273 -13.061593 63.774865 0.059946 -2.822892 48.580741 17.879892 21.850883 152752.000000 55807.000000 31441.000000 
12.075900 1.927476 -2.222123 65.113444 0.198337 -2.486829 37.955521 13.966257 12.981501 157185.000000 61914.000000 20901.000000 
64.906309 -9.044699 1.305727 32.338271 -7.141256 0.169379 53.857384 12.797213 21.324932 199682.000000 23020.000000 17298.000000 
34.674777 -0.880377 10.402837 19.805962 -0.266951 5.665621 74.221668 1.128286 -0.698041 110138.000000 77200.000000 52662.000000 
15.281424 4.497208 -2.653411 68.284715 12.008590 19.509423 94.723403 0.046193 -2.419893 184207.000000 35891.000000 19902.000000 
15.262278 -2.162509 3.516528 57.334347 -28.837673 34.151312 52.808791 0.423442 8.709347 124625.000000 78539.000000 36836.000000 
63.124696 0.294372 2.116346 85.707448 -0.429396 3.831575 28.450745 0.979413 2.252596 119565.000000 82442.000000 37993.000000 
28.621704 32.633809 -60.377863 68.419727 5.508932 2.616454 20.051275 12.103441 -24.053833 116767.000000 70717.000000 52516.000000 
11.692848 2.023004 0.668974 34.812157 20.568288 16.588896 76.261839 4.931090 11.016358 132246.000000 54547.000000 53207.000000 
72.854586 11.698442 6.273097 18.850017 12.311253 0.210470 47.726564 39.730271 4.100846 92155.000000 90805.000000 57040.000000 
29.917265 39.770075 2.585647 65.007387 7.563721 13.469626 15.786692 7.758447 3.353283 146958.000000 48502.000000 44540.000000 
63.189135 0.540013 2.175728 77.000573 0.733429 5.778270 39.878321 0.847335 2.618239 112763.000000 84035.000000 43202.000000 
11.347068 3.466473 4.238606 68.448681 7.986902 8.431794 38.633081 8.770752 7.312793 92500.000000 78832.000000 68668.000000 
20.141863 38.572920 -12.224865 13.252738 14.963823 4.658914 68.012147 8.042883 8.338038 181110.000000 30193.000000 28697.000000 
76.896037 2.593463 12.654422 15.660657 0.197764 1.025842 54.200081 3.261314 11.240349 108516.000000 83109.000000 48375.000000 
14.050017 0.833880 -0.017487 85.952002 0.270857 -2.523112 67.371486 16.511562 16.382936 184850.000000 39049.000000 16101.000000 
12.782140 1.501443 2.411708 76.521907 1.525278 0.103191 39.495580 12.412476 3.518089 105101.000000 80938.000000 53961.000000 
28.644453 -8.102644 -21.333270 74.394553 1.254578 -0.915308 17.111111 -1.143183 -21.024177 117533.000000 71854.000000 50613.000000 
17.591184 17.058041 0.090269 84.576584 3.663273 0.788073 63.146302 13.617123 11.574316 146567.000000 47160.000000 46273.000000 
52.390254 1.120102 2.018429 81.779730 3.482554 3.301491 24.260695 0.543701 1.749633 125508.000000 62822.000000 51670.000000 
61.514970 2.177195 -5.745431 11.349041 0.565311 -0.149949 62.445304 14.771540 21.391347 148818.000000 74071.000000 17111.000000 
75.998263 -0.185499 2.294884 14.970931 3.242616 4.377014 52.570115 8.875807 11.906480 178626.000000 37937.000000 23437.000000 
61.677957 52.046686 26.401809 76.439414 12.864672 16.049474 25.060312 16.141877 12.554783 133224.000000 64903.000000 41873.000000 
65.208986 19.778505 20.043645 80.950135 6.173835 4.205946 43.206337 5.126951 4.511483 103637.000000 79616.000000 56747.000000 
28.905321 32.198211 5.093169 73.716625 1.212696 -0.945715 14.363898 7.812778 -12.889259 167286.000000 61723.000000 10991.000000 
9.528289 0.868569 1.118859 90.159050 -0.140562 0.949493 62.909810 13.100919 20.577247 145839.000000 76277.000000 17884.000000 
25.739616 29.112634 5.059590 73.015361 1.997283 0.516929 14.682637 21.549208 5.358916 122304.000000 59097.000000 58599.000000 
43.245924 62.665980 35.066220 79.778255 8.739357 14.793350 26.246604 22.402047 19.626181 139216.000000 65629.000000 35155.000000 
71.713632 0.726024 0.050629 53.614903 0.937963 -1.452808 28.447627 1.248878 -1.957783 124319.000000 82087.000000 33594.000000 
45.114107 -0.385796 1.161409 67.393264 2.475951 1.760144 31.759664 -0.377157 1.306088 182924.000000 30968.000000 26108.000000 
37.406670 60.058766 24.798186 82.367922 3.272635 10.272651 12.110826 13.820447 6.658053 153228.000000 66787.000000 19985.000000 
25.739533 0.211157 0.236802 80.483672 -0.728305 6.427507 60.657507 19.180805 22.091384 186653.000000 40089.000000 13258.000000 
36.016739 -4.495381 10.858318 72.979677 6.229989 13.572149 15.117447 -3.562126 7.944205 130341.000000 56226.000000 53433.000000 
10.809976 1.500838 -2.178915 86.188698 0.263568 -2.372665 62.135225 13.704670 18.905424 173481.000000 39710.000000 26809.000000 
68.276668 13.310523 16.579064 82.667324 -0.488429 6.141750 50.875247 15.517626 20.770050 160796.000000 54236.000000 24968.000000 
28.170017 27.026935 13.988226 69.533526 5.316246 4.081797 7.874764 4.300381 0.967893 143160.000000 65841.000000 30999.000000 
19.381299 23.304278 -7.072136 85.757746 0.366773 6.705879 60.629451 11.470858 18.860437 156059.000000 58991.000000 24950.000000 
10.864352 1.021906 -10.412777 39.495739 -10.799697 -24.083257 79.859249 7.042032 5.491913 144757.000000 49748.000000 45495.000000 
61.759169 3.349042 1.027978 5.630898 11.550520 0.405609 14.572383 27.846036 4.452424 86386.000000 77487.000000 76127.000000 
26.739177 48.207237 -0.638620 81.768658 1.200490 -2.199639 54.709252 19.630607 16.795815 117365.000000 90124.000000 32511.000000 
80.402049 12.751804 11.579822 60.822809 20.585234 21.604235 75.783355 0.369947 -2.783488 166657.000000 50749.000000 22594.000000 
86.654435 1.041596 5.744993 21.746452 7.880430 0.383748 58.130905 15.034611 10.391617 85475.000000 83698.000000 70827.000000 
65.978877 3.464356 -1.342154 19.839589 3.948023 1.965199 58.794933 19.226170 23.856030 178139.000000 38590.000000 23271.000000 
91.907291 0.292452 -0.159303 60.744834 12.577218 18.420364 23.927172 8.585802 9.841134 187543.000000 33904.000000 18553.000000 
11.242513 0.356802 0.223680 69.847152 -0.586562 6.541719 68.603209 15.799875 21.638580 162159.000000 47799.000000 30042.000000 
17.499229 3.092925 -1.109372 77.781172 6.682219 8.730900 43.468502 21.099997 16.984690 87595.000000 80644.000000 71761.000000 
37.271614 -2.586675 17.869756 72.756533 12.876021 18.872328 55.762904 0.123268 8.210534 183812.000000 28468.000000 27720.000000 
19.722201 2.797469 -0.684551 82.383541 3.991712 1.999087 47.084297 46.878760 -13.915245 115742.000000 78616.000000 45642.000000 
27.623902 19.106225 -50.857468 74.852667 5.865308 13.569144 6.560580 11.498839 -23.251906 152031.000000 72528.000000 15441.000000 
11.492966 0.198259 0.215207 82.308711 0.530156 -2.181923 62.357503 16.814164 25.453095 157055.000000 59280.000000 23665.000000 
18.978429 5.546615 -13.729911 74.378159 0.622060 -1.998208 6.586046 5.792462 -12.203047 143704.000000 51043.000000 45253.000000 
12.287078 6.016464 0.976972 16.484484 25.252344 1.530584 79.022677 5.730328 5.403288 133578.000000 78412.000000 28010.000000 
16.041585 3.507688 3.472826 80.244905 3.357566 7.847160 53.373654 26.071200 15.687243 122384.000000 86187.000000 31429.000000 
73.131661 -26.029808 -10.202416 73.952848 6.573258 11.669708 30.321660 -12.850076 -6.786253 145268.000000 53958.000000 40774.000000 
12.544192 0.984023 0.264549 70.118881 0.250551 -2.564325 62.727404 16.627540 19.951134 160726.000000 45598.000000 33676.000000 
87.750772 1.360375 3.105556 69.254238 1.425992 2.407136 41.061652 11.774822 18.208658 106686.000000 103524.000000 29790.000000 
89.544751 0.888135 1.538103 43.654922 0.803451 -0.561022 73.131052 2.952979 3.581907 124091.000000 65053.000000 50856.000000 
14.358166 1.899839 -2.945428 82.776747 4.013878 11.005038 58.808872 7.054328 13.146913 176068.000000 36796.000000 27136.000000 
36.615909 -28.195250 2.493814 76.464637 -0.349964 -2.694833 71.906254 16.942563 20.495373 174389.000000 44822.000000 20789.000000 
91.512431 1.202208 -0.981659 66.671133 5.511749 11.311113 23.088340 5.161294 4.610226 143244.000000 70265.000000 26491.000000 
31.615745 -0.189341 10.200687 58.828675 8.531853 23.129023 86.235295 -1.141109 -1.356211 128576.000000 68599.000000 42825.000000 
39.382505 62.857140 36.068245 69.092957 0.437864 -2.593705 21.816026 16.778108 11.557752 161152.000000 46605.000000 32243.000000 
10.252063 1.408062 -0.270628 40.910142 4.056429 5.481108 84.815520 3.529774 4.768415 122843.000000 69552.000000 47605.000000 
38.679537 -1.579294 14.640621 69.712959 3.336101 3.164977 23.112830 -0.623872 14.751663 145677.000000 50355.000000 43968.000000 
9.852415 1.625375 -3.069989 76.293465 4.168191 2.573881 39.043398 4.178019 -2.705203 152027.000000 55250.000000 32723.000000 
73.610594 12.390132 4.855122 24.172239 8.846496 3.138350 53.241841 42.310866 3.637415 129012.000000 68224.000000 42764.000000 
21.507199 9.234265 5.927524 46.628383 17.558299 13.322196 79.167884 8.934918 12.311778 86969.000000 86202.000000 66829.000000 
88.102142 0.566348 2.166202 63.756504 10.383728 16.682703 43.395823 47.048901 -7.711529 115641.000000 64279.000000 60080.000000 
78.906988 3.503685 11.297445 19.662947 7.530355 12.126390 50.707548 11.959291 21.593390 114823.000000 65301.000000 59876.000000 
14.442971 0.915493 -2.054582 41.251199 9.575619 6.148674 74.441921 2.289311 0.151618 112809.000000 81562.000000 45629.000000 
57.725179 0.322937 0.310804 80.277672 4.803771 9.756574 33.967995 0.352391 0.298900 98989.000000 81849.000000 59162.000000 
9.478610 0.497592 -0.244464 67.222355 1.453319 -0.369503 61.152203 15.399499 25.522935 180368.000000 33875.000000 25757.000000 
48.070006 0.317356 1.804440 25.632368 0.106971 1.694137 83.976316 5.958399 8.625431 115511.000000 77837.000000 46652.000000 
20.817340 4.530950 0.606246 73.423493 0.988088 -3.568255 72.168909 16.547543 21.877035 151849.000000 56886.000000 31265.000000 
14.367263 2.622145 -3.057421 79.737180 4.782872 9.371485 45.272676 34.965369 18.039645 166584.000000 60423.000000 12993.000000 
43.313565 0.703737 -0.249511 18.122890 0.286422 -1.083404 79.713239 4.802501 9.638976 102722.000000 78415.000000 58863.000000 
12.271650 5.605206 -14.736128 67.076283 -0.606104 6.260212 65.930788 16.150543 21.768613 164027.000000 49081.000000 26892.000000 
14.379961 2.323545 1.200852 40.710158 6.880863 8.687904 74.460837 4.852078 9.491568 163603.000000 39712.000000 36685.000000 
35.920596 55.418503 19.057383 83.021353 6.817497 12.813548 21.422449 33.851312 15.231509 139145.000000 78134.000000 22721.000000 
46.803206 1.953543 -15.452617 73.266831 8.847463 13.487827 27.004019 4.025365 -14.887155 108604.000000 77701.000000 53695.000000 
7.801890 0.034286 -0.856177 20.608672 0.990848 -3.172184 66.669569 8.557233 8.698736 135122.000000 63059.000000 41819.000000 
42.035856 1.984303 -1.477096 72.381213 -0.030107 -2.717078 67.876218 14.277632 21.522540 159675.000000 57317.000000 23008.000000 
18.942735 15.004679 -13.829184 79.117386 2.828947 7.929767 19.308453 3.910971 0.629271 104386.000000 75829.000000 59785.000000 
32.765289 46.627020 -2.990880 72.349448 8.140885 10.636200 15.082815 24.014735 1.278808 147827.000000 69726.000000 22447.000000 
31.867489 -0.466480 9.142457 81.477812 0.269513 -2.355194 60.129228 19.645497 27.014261 189911.000000 27694.000000 22395.000000 
11.555404 0.860554 0.611325 32.753900 9.052554 10.838021 66.286051 1.598843 8.604580 116743.000000 75198.000000 48059.000000 
13.036662 1.761102 -2.358451 85.070632 0.504652 -1.530427 55.799011 5.758853 9.118831 166628.000000 50859.000000 22513.000000 
75.805364 0.811271 0.838675 51.714651 2.199546 2.624413 70.706473 15.887164 21.634933 156875.000000 56568.000000 26557.000000 
87.403041 0.535409 1.361805 70.846165 17.213892 24.839391 28.288616 6.733227 5.604008 161910.000000 47930.000000 30160.000000 
15.307107 4.917959 -12.322536 58.158834 -0.099192 7.176836 69.511231 16.425528 22.091469 170024.000000 39768.000000 30208.000000 
15.076091 0.626118 -2.486627 60.565725 8.555239 10.836255 89.074253 0.173570 -2.384368 149836.000000 47821.000000 42343.000000 
73.415213 2.803418 6.201698 60.897882 24.381839 3.861732 25.939256 19.078841 3.061192 115417.000000 77946.000000 46637.000000 
30.751657 -0.346366 8.759628 13.569611 -0.393360 4.347965 78.007911 1.013740 7.608285 139022.000000 53033.000000 47945.000000 
12.878064 2.098132 -4.202225 30.149240 6.730130 8.130953 65.392735 10.623801 15.047979 116579.000000 66983.000000 56438.000000 
9.168375 0.562210 0.231526 89.952830 0.591682 -4.249889 61.763252 5.071327 3.275056 107908.000000 96810.000000 35282.000000 
12.607989 2.000917 -3.627639 75.296477 11.329940 18.438311 49.735046 1.476378 7.698343 188664.000000 36605.000000 14731.000000 
54.831266 22.080254 -12.705419 57.293867 5.661416 5.231690 18.545332 13.073794 -3.899173 119771.000000 66506.000000 53723.000000 
12.002287 2.781130 0.286566 76.093062 4.119594 4.492643 54.736331 42.691724 18.922349 110183.000000 66732.000000 63085.000000 
17.432625 21.847477 -0.883084 94.002695 0.104286 -2.675900 67.093475 2.609065 0.843189 164142.000000 56186.000000 19672.000000 
9.109886 6.170289 -11.512669 80.418485 -0.364844 5.969994 65.573624 19.006963 27.459858 130342.000000 80264.000000 29394.000000 
31.792250 16.790203 -0.229313 17.277640 15.002076 0.858501 60.521881 9.778084 14.412404 102518.000000 96300.000000 41182.000000 
87.196174 3.166611 -4.552125 63.327539 6.070677 5.668559 15.450029 3.985910 0.645789 140591.000000 57584.000000 41825.000000 
12.126130 0.696227 0.450873 47.833895 7.815383 7.283699 89.095428 2.038319 7.049340 160538.000000 44755.000000 34707.000000 
9.218131 0.703450 -0.065331 65.928760 0.605162 -3.936585 76.422656 15.388858 15.500764 193786.000000 27994.000000 18220.000000 
17.668138 15.520105 0.403932 69.384197 7.274289 13.174730 92.155350 -0.399163 5.858538 181605.000000 32195.000000 26200.000000 
86.206921 1.013570 1.296689 55.009561 29.751537 26.047970 28.334243 23.722987 -50.931952 186007.000000 30974.000000 23019.000000 
11.499642 0.583847 -1.284550 57.775605 1.876380 -0.694348 90.993831 1.038620 -1.348059 180398.000000 33416.000000 26186.000000 
16.575007 5.456075 5.091364 34.014055 5.524095 5.135454 74.084179 4.597509 5.362209 134813.000000 59262.000000 45925.000000 
83.017465 8.977545 8.934116 66.222934 11.126031 10.186767 21.946082 6.712009 1.990830 187367.000000 44709.000000 7924.000000 
76.384040 9.791911 8.896219 43.019955 6.069533 9.405534 16.211581 9.865949 10.131896 190458.000000 36329.000000 13213.000000 
92.390268 -0.076497 -2.773652 74.542860 4.779342 7.234590 14.501033 4.101775 -1.493804 143145.000000 87114.000000 9741.000000 
41.475675 61.729543 26.297683 67.202709 8.622336 5.671318 16.051123 10.319768 3.598460 166089.000000 40104.000000 33807.000000 
14.771714 5.598181 5.741030 84.914942 4.144087 7.435923 53.458765 6.979592 9.571585 96029.000000 92603.000000 51368.000000 
91.214685 1.074592 -2.933624 71.015388 3.449750 1.664320 34.953396 12.466764 13.182229 157248.000000 75603.000000 7149.000000 
21.043659 19.877496 1.979825 59.238826 27.212489 16.665750 87.710096 3.182586 0.365213 119774.000000 82582.000000 37644.000000 
