67.087045 -0.048912 -2.834649 23.636344 1.203716 -14.761658 43.800479 9.009701 14.593174 126674.000000 69087.000000 44239.000000 
91.461918 -1.579413 -3.753032 11.285051 0.071251 0.014868 62.615849 8.178506 13.107426 142441.000000 77751.000000 19808.000000 
73.069813 -0.028458 -2.959671 40.296422 0.689748 -15.955604 61.577286 13.818218 15.137326 146180.000000 73943.000000 19877.000000 
79.574115 -1.138156 6.443842 47.012938 0.015740 -14.682006 59.640860 7.696714 15.404318 109969.000000 94295.000000 35736.000000 
87.218768 -0.505491 6.040572 17.741685 0.278534 0.670891 50.835206 6.350881 12.260256 135721.000000 62976.000000 41303.000000 
92.362030 0.046005 -2.722481 20.460030 1.028364 -12.217379 68.490211 2.007618 -1.371108 112628.000000 82594.000000 44778.000000 
80.326606 -0.339281 6.386096 31.913637 2.835862 -2.485580 39.004448 61.823000 0.746788 137226.000000 94968.000000 7806.000000 
81.117921 -0.073812 6.264060 57.570357 19.359323 25.655384 32.626868 0.671180 -16.516616 125973.000000 85636.000000 28391.000000 
71.023766 -0.020839 -2.927126 25.149583 1.539966 -15.295882 50.446849 16.939270 32.353555 154048.000000 63017.000000 22935.000000 
63.005211 1.734972 -1.882153 19.964901 3.665955 -12.720599 85.784679 1.474548 -0.846370 120525.000000 67575.000000 51900.000000 
13.020308 6.853701 -17.522132 89.273460 2.485040 3.239019 66.208706 13.986092 16.252707 164701.000000 62667.000000 12632.000000 
67.983349 -0.580836 6.863700 7.444070 1.349690 -2.436895 33.504358 -8.487033 -1.603430 126816.000000 105237.000000 7947.000000 
19.710115 2.062985 -15.206448 78.015504 0.234318 -2.464405 55.967110 2.182295 -0.848249 110012.000000 91278.000000 38710.000000 
60.976769 1.559460 0.836439 19.318684 -0.379697 -10.550080 39.212735 -0.553189 -12.308351 119807.000000 64739.000000 55454.000000 
68.955502 -0.135256 -3.460292 25.959528 2.190422 -19.197674 55.963796 15.578797 18.687941 120925.000000 63089.000000 55986.000000 
86.817357 0.155158 -2.506680 17.403735 5.042297 -13.973191 59.191472 13.975267 15.985096 113117.000000 102439.000000 24444.000000 
71.155708 0.938693 7.860295 21.353639 0.206655 -10.786550 36.469171 36.573976 7.568949 118342.000000 110048.000000 11610.000000 
77.462485 0.042539 -2.715386 11.815115 1.026666 -5.105589 25.447835 1.870400 -12.884909 142414.000000 49847.000000 47739.000000 
77.520291 -0.064853 -2.787156 9.100917 1.750093 -2.980597 64.566748 16.698323 19.527492 123073.000000 99067.000000 17860.000000 
64.469871 1.215781 -2.140959 26.638143 1.321233 -16.581964 12.151559 1.205549 -8.190734 118104.000000 70739.000000 51157.000000 
72.287300 0.122570 -2.777592 17.623786 2.228196 -13.777843 30.754943 21.840206 14.707205 120477.000000 90619.000000 28904.000000 
8.545322 0.538615 -1.947795 80.276495 3.573406 9.725220 46.973637 1.653138 0.675109 176741.000000 39624.000000 23635.000000 
69.698927 1.212781 -1.412213 20.885296 4.167877 -15.334352 41.671551 4.194854 -10.846033 157647.000000 55849.000000 26504.000000 
72.651303 0.099652 -3.891036 35.710545 2.340708 -13.509280 51.064560 11.544354 13.639670 116097.000000 97144.000000 26759.000000 
10.796893 1.646268 -3.049545 72.456890 0.642056 -1.810700 83.666787 -0.042935 -1.704503 111871.000000 83684.000000 44445.000000 
65.601581 -0.016786 -2.785575 21.043189 1.580230 -9.513202 50.273526 23.765933 20.276442 135444.000000 91886.000000 12670.000000 
79.570527 -0.468709 6.254735 22.673137 1.320001 -17.167010 38.992668 13.290313 10.989786 88276.000000 83835.000000 67889.000000 
47.834220 23.941306 27.504519 17.636125 16.982363 16.171395 59.043581 4.769736 12.474758 124030.000000 79759.000000 36211.000000 
43.659364 62.225986 29.047427 70.308809 2.496467 0.738142 22.599179 2.588999 -18.276986 86707.000000 77399.000000 75894.000000 
80.135481 0.262858 -2.246710 20.086915 2.971013 -14.923035 47.135468 6.756138 -2.947059 124767.000000 94824.000000 20409.000000 
84.899033 0.918611 -1.862935 55.404460 2.209171 3.383351 25.967759 0.928835 -12.731032 93092.000000 80237.000000 66671.000000 
7.002611 1.166055 -2.182839 74.152266 -0.494554 6.385317 53.498996 -0.208629 5.773014 105588.000000 82098.000000 52314.000000 
46.611882 8.199936 9.596169 76.562246 1.893332 4.722150 8.856623 0.465693 -0.167683 110562.000000 83874.000000 45564.000000 
32.627699 -0.598728 -21.906042 62.269161 9.271196 13.531743 12.482724 2.949694 -5.477039 117052.000000 72157.000000 50791.000000 
30.507672 5.904282 -14.177491 13.684592 3.525949 -9.287207 70.042485 7.349070 7.381187 127388.000000 59645.000000 52967.000000 
10.789130 1.904171 -3.009234 68.212254 0.508354 -2.298065 41.811178 63.550544 32.487733 123025.000000 114404.000000 2571.000000 
84.889525 -1.980484 -4.462297 13.422026 0.606493 -1.818236 41.320636 -0.123768 -4.806922 143701.000000 79467.000000 16832.000000 
75.712576 -0.306531 6.727804 63.210663 17.430765 22.196042 15.735348 1.081694 -2.140580 115568.000000 86213.000000 38219.000000 
74.289667 0.127448 6.518121 35.248681 8.566489 10.128782 20.016339 1.214379 -16.031990 125459.000000 58062.000000 56479.000000 
21.748689 0.686741 -8.503274 84.077242 -0.702226 6.465441 65.777781 -0.134070 7.190714 105663.000000 86305.000000 48032.000000 
71.126752 0.466878 7.453485 15.029294 0.101624 0.135580 35.533135 1.499224 1.988401 133627.000000 85818.000000 20555.000000 
90.584302 0.198201 -3.038203 41.281448 7.549500 10.203382 73.548209 3.380171 -2.173935 154206.000000 51223.000000 34571.000000 
87.203042 -0.187963 3.564986 50.690212 1.758426 1.860648 44.675806 18.199531 35.072265 168423.000000 42829.000000 28748.000000 
26.816434 2.296594 -14.959060 51.732127 16.537510 27.421265 88.842655 1.565656 5.247901 107307.000000 72760.000000 59933.000000 
75.138132 -0.140262 6.352591 16.574146 3.890192 -19.839114 46.533180 10.044527 4.533589 146549.000000 65781.000000 27670.000000 
77.261735 -0.422862 6.227264 11.861045 1.800327 -9.982954 26.919777 1.202021 -12.763208 129279.000000 63347.000000 47374.000000 
81.868925 0.336725 5.243464 26.769658 4.569680 -17.323063 31.937582 17.874711 9.785984 124517.000000 77279.000000 38204.000000 
83.959104 -0.267573 5.830525 71.495082 -3.742721 -19.769519 54.979926 14.310979 17.314361 116798.000000 98937.000000 24265.000000 
75.095870 -0.006539 -2.498991 91.727924 0.004082 -0.009751 38.998414 4.648458 9.367027 137335.000000 51373.000000 51292.000000 
80.655071 -0.021060 -2.848394 48.215882 0.559242 -13.112609 64.953470 15.914737 17.019370 119966.000000 105296.000000 14738.000000 
71.264987 -0.477660 6.581397 90.424809 0.192246 1.775025 56.047875 17.917367 20.186258 127099.000000 100715.000000 12186.000000 
60.106601 2.039109 8.376004 37.869511 1.752867 -7.116915 81.743574 -0.158432 6.930582 91477.000000 90500.000000 58023.000000 
86.112359 -0.397230 4.487425 16.413956 0.241545 0.211584 73.378005 1.784458 8.746476 90279.000000 80707.000000 69014.000000 
68.995023 2.328363 7.441980 56.713541 15.635317 17.203537 27.882396 2.763848 -15.842862 124908.000000 89200.000000 25892.000000 
73.808334 0.736401 -2.394001 49.206736 0.467062 -19.435825 21.494432 6.047826 4.814910 174051.000000 36445.000000 29504.000000 
22.992260 -0.830025 -10.908338 11.742304 -0.410558 -5.052103 85.364868 -0.757933 6.308119 132642.000000 70585.000000 36773.000000 
79.620130 -0.602998 6.586629 9.855138 1.264797 -2.180560 61.624092 4.033939 9.445508 104080.000000 88582.000000 47338.000000 
70.188544 0.232751 -2.676966 26.040770 3.934154 -16.904900 41.655139 19.024774 37.043995 142188.000000 82827.000000 14985.000000 
78.648008 -0.234970 5.999940 55.418939 21.355098 22.535978 62.704974 -0.231463 7.200968 122134.000000 73569.000000 44297.000000 
82.850497 -0.316198 6.882300 21.105627 1.618203 -16.454018 44.802634 8.215206 12.473295 120981.000000 93094.000000 25925.000000 
27.796635 3.477143 -18.880221 73.215604 0.263877 4.571351 64.546671 14.740841 24.803831 91757.000000 76357.000000 71886.000000 
87.828447 -0.705630 6.386079 23.570845 3.970817 -14.167707 67.987057 13.635653 16.918721 135793.000000 87824.000000 16383.000000 
19.908422 1.277182 -11.619518 82.058523 0.044309 -2.579219 48.413876 4.830431 16.825432 107665.000000 98610.000000 33725.000000 
79.776168 -0.070659 6.761897 45.245978 0.619090 -15.997020 62.277026 5.419271 10.606217 109320.000000 94841.000000 35839.000000 
89.192383 0.646751 -1.741436 12.098803 -0.109012 -2.790196 35.913397 0.469726 -4.206446 110063.000000 86559.000000 43378.000000 
65.229335 -0.024948 -2.939075 24.842828 0.079646 -14.550862 39.222902 24.744583 25.966256 122636.000000 96419.000000 20945.000000 
41.468879 0.325456 -0.952091 12.862182 0.537140 -5.225275 72.528732 4.501667 8.696966 143889.000000 84593.000000 11518.000000 
7.870466 0.142337 0.077064 84.268134 -0.422692 6.007345 63.424186 7.770596 11.446591 119603.000000 95628.000000 24769.000000 
83.186363 -0.006741 6.100948 52.496827 19.542172 20.810274 48.012211 -1.188594 -28.695488 105679.000000 103703.000000 30618.000000 
65.212782 0.134537 -2.647607 64.194911 17.340544 21.382875 16.012121 1.573760 -1.441162 106283.000000 96858.000000 36859.000000 
18.809793 2.303233 -14.892661 59.168441 2.559641 7.778464 88.298300 -0.307373 6.025828 114920.000000 71152.000000 53928.000000 
60.327778 0.642038 6.248961 60.133208 19.620728 22.701575 87.254098 -0.405111 4.786817 98397.000000 81074.000000 60529.000000 
70.483915 0.895593 -1.797743 37.981014 5.875548 11.020414 91.861511 0.310729 0.543085 139250.000000 62570.000000 38180.000000 
11.826208 5.161839 -11.294376 66.036446 0.054388 -2.910176 59.692798 14.667702 15.706515 125381.000000 103384.000000 11235.000000 
93.118677 0.887127 3.856804 19.668640 6.092482 -14.090408 60.250353 3.032207 -0.015187 126910.000000 98241.000000 14849.000000 
80.449050 -0.028274 -2.787857 13.783817 0.263931 -0.337869 57.765722 10.712217 4.770784 122850.000000 109496.000000 7654.000000 
71.334780 -0.068171 -2.879244 22.835638 0.090031 0.060725 67.782578 13.330141 21.947771 144513.000000 85941.000000 9546.000000 
79.424691 1.148458 5.166480 56.437705 16.277144 20.393336 52.043358 62.799419 47.127660 118459.000000 109120.000000 12421.000000 
15.901044 -0.025768 -7.907473 76.000261 8.226846 6.980281 36.800312 43.451341 17.693620 166973.000000 57047.000000 15980.000000 
74.506893 0.207879 7.056142 7.200803 0.092626 0.135996 34.029738 1.393424 2.860971 115030.000000 86112.000000 38858.000000 
84.506106 -0.311496 6.128675 16.739103 2.000483 -11.042244 34.883785 0.431677 -13.385145 159189.000000 52480.000000 28331.000000 
89.655867 -0.064321 3.081121 69.971776 6.383405 10.943233 35.923489 20.075055 -10.136331 172439.000000 61546.000000 6015.000000 
4.754536 5.104555 -2.250640 25.867049 0.377674 6.063493 62.392126 -2.118420 -2.416843 158666.000000 45721.000000 35613.000000 
13.304796 1.341196 -2.233825 77.345318 0.396723 7.332489 50.296323 2.263582 6.327216 123835.000000 73941.000000 42224.000000 
79.249844 -0.721206 6.482056 26.538935 0.655026 -13.453143 51.241156 18.662636 20.182706 142900.000000 84994.000000 12106.000000 
70.587302 -0.682448 6.528762 13.198566 4.250267 -13.714093 55.290047 15.901658 18.886619 141871.000000 87025.000000 11104.000000 
20.770680 0.371700 0.110324 82.690649 -0.099340 6.278788 65.994231 1.089967 7.927017 86190.000000 83269.000000 70541.000000 
78.117551 -0.044015 -2.786710 13.321095 0.177872 -0.001338 67.236964 17.448097 16.993185 119080.000000 107723.000000 13197.000000 
74.805507 1.356626 -1.108048 22.070431 0.742783 0.187413 46.832046 66.089883 32.579566 157424.000000 74211.000000 8365.000000 
79.997289 0.559743 -2.464098 54.008135 17.085855 19.200050 33.406112 0.601508 -9.650647 136341.000000 64597.000000 39062.000000 
76.572085 -0.006302 -2.816843 39.567826 3.423547 -2.038657 31.241619 53.364811 33.058547 143682.000000 86943.000000 9375.000000 
17.894138 0.412247 0.004484 63.602900 2.647046 0.114520 83.448515 0.005820 -2.745882 92713.000000 75900.000000 71387.000000 
76.573344 -0.355674 6.490287 22.136811 1.781951 -14.562239 54.452256 18.926548 15.004375 110372.000000 105614.000000 24014.000000 
69.255812 -0.564455 6.503137 22.195613 1.036664 -14.195075 62.415498 16.795334 22.465917 129256.000000 93274.000000 17470.000000 
16.734272 0.277164 -0.345554 81.880580 0.763854 7.380170 64.851088 1.768194 7.229478 127231.000000 76677.000000 36092.000000 
72.253033 0.053100 -3.007609 38.891946 1.139213 -16.423179 37.348266 4.738740 13.699004 91730.000000 86825.000000 61445.000000 
84.670083 -0.072446 6.806460 59.168423 17.398002 22.433971 27.529763 -0.069778 -17.344327 105614.000000 104176.000000 30210.000000 
77.067430 0.700642 5.226206 64.365419 18.478913 23.305130 39.285104 13.031201 13.148684 146078.000000 68320.000000 25602.000000 
76.564913 -0.018187 -2.955026 60.692817 8.513105 14.684581 49.316089 3.306380 -17.158338 98083.000000 71607.000000 70310.000000 
64.831230 0.870751 -1.655747 18.891912 0.939161 -11.415433 90.341581 0.397957 0.689950 156406.000000 67231.000000 16363.000000 
84.578259 -0.567548 5.900944 12.672602 0.529567 -0.628638 75.760893 -0.478862 5.999433 97878.000000 95216.000000 46906.000000 
82.562656 0.140130 -2.438063 26.676996 1.858641 -10.178522 44.517831 21.051467 32.264398 128823.000000 64890.000000 46287.000000 
63.368241 18.937349 24.081229 84.278868 -0.396722 6.484152 32.990224 2.465834 -9.016118 119399.000000 103150.000000 17451.000000 
21.451085 -1.133420 -5.873310 84.631983 -0.034493 -2.743060 69.548586 0.147200 -2.453013 91167.000000 79902.000000 68931.000000 
74.222918 1.111482 -1.375434 19.967996 4.722836 -10.496573 45.056424 65.580582 27.792989 154576.000000 69745.000000 15679.000000 
85.903423 -0.488681 6.472009 13.553666 5.633483 -11.896985 69.431849 14.644894 17.951484 151511.000000 71928.000000 16561.000000 
69.973568 -0.493752 6.536049 46.177706 0.152445 -17.213153 63.123573 24.278310 20.315187 147590.000000 73358.000000 19052.000000 
86.098659 -0.567705 5.917727 14.278000 0.508361 0.345064 65.147996 14.916701 19.377117 139523.000000 87194.000000 13283.000000 
86.897618 -0.065918 5.175630 61.753299 19.685624 24.912629 44.427979 19.025182 22.749437 114597.000000 71748.000000 53655.000000 
68.035526 -0.038296 -2.850626 14.639462 1.512765 -2.449338 53.691089 20.977645 14.269816 135919.000000 90679.000000 13402.000000 
64.378343 -0.476482 7.008138 47.937947 -1.296923 -22.533333 33.528932 3.645898 10.222096 97041.000000 83327.000000 59632.000000 
77.296192 0.200083 -2.759686 46.154787 1.474891 -15.447294 42.802152 7.496725 13.746082 138406.000000 74917.000000 26677.000000 
86.905020 -0.566438 5.882172 25.534411 2.384170 -15.490770 69.548866 5.479046 9.282566 116777.000000 98592.000000 24631.000000 
71.908443 -0.022071 -2.796787 17.342860 1.136816 0.027487 54.165496 10.218185 10.199316 129026.000000 87765.000000 23209.000000 
12.712057 0.076862 -0.004754 79.064467 -0.030893 -2.515915 61.955297 0.032166 -2.409939 99410.000000 86514.000000 54076.000000 
76.981155 0.238689 -2.642604 16.347247 0.980259 -11.970819 57.713660 1.364246 -2.313746 94434.000000 93120.000000 52446.000000 
14.671776 1.535906 -1.720345 71.958529 0.000643 -2.766749 56.260224 9.736425 8.491170 112002.000000 100931.000000 27067.000000 
84.756599 1.406559 4.632105 17.115979 4.186977 -2.283237 66.587614 12.678364 13.234996 128893.000000 89846.000000 21261.000000 
71.828354 0.181270 -3.627968 44.798502 -0.469927 -22.693080 16.869867 18.371312 3.610295 143758.000000 54304.000000 41938.000000 
89.661936 -0.344963 3.035136 70.111581 -0.111069 3.391736 67.160761 16.812245 21.300753 161344.000000 57734.000000 20922.000000 
84.235151 0.417268 -1.791523 68.083721 15.272440 19.895083 46.872013 17.904679 22.646842 143625.000000 59136.000000 37239.000000 
68.961209 0.102001 -2.976077 22.182879 0.174375 0.044722 63.880645 16.540960 16.825610 150034.000000 79166.000000 10800.000000 
73.108673 0.313655 -2.677996 19.043289 3.587296 -13.588009 33.441424 3.703135 -17.466912 147830.000000 58535.000000 33635.000000 
73.545753 -0.024917 -3.926303 39.531258 0.327499 1.839721 51.727853 1.400900 -25.419309 132276.000000 66607.000000 41117.000000 
77.128997 -0.057542 -2.778604 19.844604 0.096082 0.046044 61.236271 18.483259 22.750574 132744.000000 94146.000000 13110.000000 
74.047501 0.798420 -1.844628 23.519003 -0.267572 -16.678673 55.097415 16.114415 18.399387 138793.000000 78043.000000 23164.000000 
64.398116 -0.516308 6.411218 16.244410 1.035351 -13.267705 34.729815 1.096321 -10.092729 96051.000000 86121.000000 57828.000000 
53.427863 0.209844 -18.317867 89.725854 0.699802 -2.041789 62.749925 -26.973143 9.578356 166602.000000 56503.000000 16895.000000 
16.076990 5.016118 -0.300845 77.353787 -0.023565 -2.774510 70.630266 17.324852 22.978573 119258.000000 102807.000000 17935.000000 
87.709274 0.002627 -2.646753 20.896641 -0.727173 -6.229407 64.079334 4.999048 3.011209 115734.000000 98630.000000 25636.000000 
48.110349 0.753467 0.228655 34.281160 0.168287 -18.111813 81.555024 6.526722 1.153634 126423.000000 99001.000000 14576.000000 
84.813436 -0.000751 6.241649 18.322235 1.383659 -18.171154 21.637563 11.057661 5.517312 133024.000000 55043.000000 51933.000000 
80.620214 0.164304 -2.626545 47.109979 1.177782 -14.499648 37.850881 6.130847 14.035057 137899.000000 56925.000000 45176.000000 
71.853327 -0.029165 -2.867685 22.630566 0.998781 -11.121400 51.259246 14.685584 28.580862 120924.000000 93496.000000 25580.000000 
76.133258 -0.023734 -2.759819 14.515021 0.204100 -0.139239 58.640420 0.343663 -2.392297 102602.000000 92653.000000 44745.000000 
72.061012 0.013866 -2.873700 20.248519 1.879208 -11.184580 63.347643 15.041482 18.668452 114355.000000 95239.000000 30406.000000 
16.422055 1.761301 -2.243668 78.302481 -0.032210 -2.776148 44.329307 64.391743 30.036173 126579.000000 112195.000000 1226.000000 
14.656488 5.001228 0.761604 71.719275 1.601416 7.717787 35.126256 3.706928 2.048513 101295.000000 92788.000000 45917.000000 
77.590694 -0.545235 6.247499 17.996939 7.575380 -17.174547 54.502368 6.804055 11.665251 111121.000000 71734.000000 57145.000000 
69.437724 -0.031314 -2.824271 61.627063 14.698541 18.822556 12.676679 3.122479 0.835497 120161.000000 66009.000000 53830.000000 
77.262401 -0.665625 6.604584 17.748964 0.865273 -14.781597 36.835543 6.920446 10.974253 112169.000000 78333.000000 49498.000000 
73.361677 0.657805 -2.923949 14.835731 0.857399 -1.456915 37.821434 5.401662 -2.785494 136494.000000 86929.000000 16577.000000 
69.913056 0.085846 -2.627368 22.519283 2.636115 -16.019817 39.248487 5.043986 13.009739 126659.000000 63929.000000 49412.000000 
93.031761 -0.344344 3.782116 85.634737 -0.513402 6.151088 67.737001 17.650463 20.635775 129244.000000 95128.000000 15628.000000 
75.468558 -0.151584 -3.015930 20.846804 1.236231 -13.801077 61.625658 16.317460 14.965816 143567.000000 88297.000000 8136.000000 
46.062001 -1.175194 -14.916238 84.003884 3.188328 8.217366 25.471537 0.071974 -8.795850 99738.000000 89630.000000 50632.000000 
63.421097 0.929687 7.766228 41.322518 1.057669 -11.462446 80.003999 -0.573438 6.607382 101628.000000 76381.000000 61991.000000 
11.044840 0.149592 -0.053816 75.480838 -0.058146 -2.827929 68.696242 15.343356 15.744320 117713.000000 112662.000000 9625.000000 
23.391940 0.815670 -10.184203 73.768456 -0.010002 -2.808826 61.170657 19.890489 22.369051 118527.000000 99543.000000 21930.000000 
74.154582 -0.583415 6.162756 23.003375 -0.458315 -8.745535 56.175255 16.264080 21.125441 147574.000000 81903.000000 10523.000000 
17.656701 4.680499 -12.791493 78.441722 -0.024150 -2.892276 61.195393 15.349615 16.825218 122072.000000 103426.000000 14502.000000 
20.451207 0.594829 -4.948226 70.618979 1.361952 1.124355 43.278885 -0.113903 -23.370702 103107.000000 70865.000000 66028.000000 
68.666572 -0.030903 -2.836924 30.893571 1.424787 -18.044715 61.627711 16.991370 19.746752 134454.000000 66818.000000 38728.000000 
74.902675 -0.496083 6.782802 17.578479 0.831652 0.910298 39.208090 22.350607 25.620371 156801.000000 69769.000000 13430.000000 
9.348735 3.708945 -12.083394 87.727831 -0.516602 5.839252 65.085380 5.018308 9.737841 127435.000000 90979.000000 21586.000000 
57.627369 1.961882 -0.515264 19.254146 0.473897 -6.635817 83.397575 0.550106 -2.169056 102934.000000 85121.000000 51945.000000 
90.638193 -0.631395 1.188029 12.928318 0.065551 0.080085 50.907575 11.434099 19.966281 154679.000000 68540.000000 16781.000000 
64.854693 0.814765 6.638432 80.266345 -0.181408 2.266775 40.165098 -0.311208 -9.127716 94242.000000 74573.000000 71185.000000 
84.114141 -0.545594 5.930728 18.937635 1.446961 -2.277608 62.974790 7.290036 11.717699 139197.000000 85557.000000 15246.000000 
79.039997 0.074139 -2.620156 15.052802 4.780703 -14.007460 51.152360 15.524755 15.060230 112154.000000 107322.000000 20524.000000 
76.490921 -0.395906 5.159107 39.258424 -0.289766 -11.748212 58.686119 17.161582 21.419151 120009.000000 97047.000000 22944.000000 
44.596998 8.076536 8.230267 79.681907 0.127247 -2.588930 27.246767 0.361472 -18.514887 91683.000000 81650.000000 66667.000000 
81.824819 -0.565765 4.271850 67.007255 16.941471 21.216128 43.417966 18.360528 18.740348 142379.000000 68440.000000 29181.000000 
81.430686 2.186142 -5.408006 9.066065 1.221226 -2.579719 53.711118 18.835790 17.730542 124627.000000 108520.000000 6853.000000 
23.622801 1.058253 -13.688891 84.288456 0.147878 6.299850 57.321586 14.086288 20.073292 126608.000000 92191.000000 21201.000000 
82.794524 -0.561031 6.429594 8.973025 0.196811 0.133162 60.258260 8.288850 9.946912 118609.000000 101050.000000 20341.000000 
69.846793 -0.017675 -2.812984 9.227702 0.527867 0.549164 51.307442 12.376727 17.001719 114769.000000 107054.000000 18177.000000 
87.267682 -2.309457 4.857133 65.516384 17.307685 19.161866 66.306216 -0.662400 6.556104 117122.000000 84688.000000 38190.000000 
75.827937 -0.017383 -2.832023 18.945398 1.948073 -4.981001 8.253076 1.267755 -3.213269 132085.000000 61659.000000 46256.000000 
14.884197 0.662812 -1.060288 86.071338 -0.307124 5.987405 64.502789 8.206513 10.305733 113579.000000 98237.000000 28184.000000 
73.698769 0.230551 -2.362669 15.910651 0.333902 0.140166 56.653096 22.946001 17.457490 111879.000000 111004.000000 17117.000000 
82.596497 -0.049293 6.603157 15.982817 1.169413 -9.346862 29.586396 1.370273 -14.176671 107124.000000 76958.000000 55918.000000 
87.617738 0.846208 -0.865174 60.423868 17.109366 19.758464 63.188882 -4.925095 -12.886460 212545.000000 16404.000000 11051.000000 
16.837899 0.264686 -0.090966 86.148062 -0.446639 6.041619 69.620576 0.115752 6.611636 95729.000000 83200.000000 61071.000000 
91.933224 0.004785 0.026824 80.408660 0.013835 6.197008 9.365813 2.632769 0.263379 118787.000000 114333.000000 6880.000000 
74.245112 0.112016 -3.268821 25.188465 -3.625117 -17.938747 50.288776 -1.121970 -13.120440 173210.000000 33480.000000 33310.000000 
80.877119 -0.315445 5.785156 18.015393 2.048917 -16.862034 57.959344 12.980701 17.073854 141120.000000 78327.000000 20553.000000 
17.411986 0.151687 0.112403 86.403465 -0.000406 -2.693144 58.407988 12.219858 16.124930 115020.000000 96578.000000 28402.000000 
70.605050 -0.144835 7.212166 20.332602 0.617040 -9.825337 41.912065 15.527893 19.052783 113543.000000 100428.000000 26029.000000 
73.642180 0.209445 -2.809046 28.583660 3.547190 -15.545249 43.401061 4.961528 11.588548 138217.000000 56428.000000 45355.000000 
86.397114 -0.458846 6.080018 19.011429 1.278071 -17.305512 41.058534 2.578357 2.429061 137224.000000 84325.000000 18451.000000 
77.808238 -0.323470 -3.915451 41.242176 3.896686 9.868360 39.168471 0.587256 -17.043321 161439.000000 44139.000000 34422.000000 
90.000451 0.056624 -2.585643 17.221618 1.086444 -12.679823 60.498597 3.923716 -0.873656 145435.000000 83399.000000 11166.000000 
81.067413 -0.361878 6.146346 25.956878 2.207658 -18.641457 40.099602 16.562364 25.782098 137740.000000 82893.000000 19367.000000 
48.238160 0.575047 -12.787739 80.763947 -0.418499 6.048643 55.988360 14.886462 28.139247 120105.000000 100383.000000 19512.000000 
20.138776 0.461661 0.222578 82.722418 0.047106 -2.712290 64.264040 13.151817 13.511138 113689.000000 92958.000000 33353.000000 
18.119569 1.756074 -11.455511 84.122338 0.747266 7.350452 68.028253 7.085340 11.630732 110446.000000 74568.000000 54986.000000 
14.649609 0.393407 -3.683155 73.512632 -0.039501 -2.858955 62.272966 17.551844 18.190542 113755.000000 113430.000000 12815.000000 
70.126553 -0.027577 -2.835814 13.710990 0.869449 -1.221226 54.016062 17.965610 17.581325 135035.000000 95081.000000 9884.000000 
72.851798 0.055911 -2.713521 64.841536 18.224175 23.380526 19.882476 2.452564 -0.849018 138142.000000 62258.000000 39600.000000 
80.905972 1.504980 7.042153 25.816297 3.649586 -8.270661 9.003603 0.823995 -1.029285 115162.000000 68904.000000 55934.000000 
76.433887 -0.397671 -3.711714 48.455651 -2.538217 -24.180531 45.805561 7.151211 21.387459 150937.000000 59968.000000 29095.000000 
78.651915 0.047605 3.893611 43.515532 0.180607 5.526943 46.413519 19.775891 25.984801 136609.000000 75904.000000 27487.000000 
77.057050 -0.681710 6.426258 19.031983 0.289531 0.271908 67.774262 15.506250 19.387177 150271.000000 79431.000000 10298.000000 
17.492643 2.101383 -15.341874 67.246803 -0.027812 -3.019630 54.227777 15.462367 18.226036 136005.000000 84846.000000 19149.000000 
68.505829 0.198866 -2.997457 23.082199 4.427017 -16.050443 62.400598 13.139628 19.102698 142491.000000 71194.000000 26315.000000 
10.919829 0.967938 -0.683086 41.893506 3.978457 -5.140758 59.316680 14.354241 22.793454 130307.000000 66021.000000 43672.000000 
46.657658 -1.319861 -12.555811 72.068619 -0.774539 6.297921 47.584515 18.804643 27.823006 117066.000000 108300.000000 14634.000000 
14.701460 1.627783 -8.424774 80.984939 -0.579676 6.524720 54.594855 2.800919 6.960505 97557.000000 96566.000000 45877.000000 
65.913768 0.101267 -2.752628 18.420877 1.702706 -13.797040 44.904885 18.671158 31.614178 151580.000000 71889.000000 16531.000000 
64.992194 0.251769 -2.541902 10.790150 0.410157 -0.751871 20.933956 0.431699 0.268360 124290.000000 69289.000000 46421.000000 
69.277259 -0.505222 -2.749186 20.140882 2.082981 -13.667757 55.006714 17.583502 22.684820 125307.000000 96699.000000 17994.000000 
89.916002 0.163454 -2.506754 20.671569 1.505092 -13.134822 49.751945 7.842524 9.877348 151242.000000 66679.000000 22079.000000 
16.641480 1.619649 -6.384221 93.173887 0.060199 -2.553347 54.616649 13.501503 19.377382 106832.000000 103084.000000 30084.000000 
52.633650 -1.634022 2.187321 17.630667 -1.208740 6.376218 63.505055 16.358061 18.314919 140336.000000 55688.000000 43976.000000 
86.975695 -0.566629 5.811164 13.705060 0.318230 -0.066608 63.972696 2.053979 5.336413 113076.000000 108911.000000 18013.000000 
74.938803 0.249176 -2.424868 14.958708 -0.100434 0.982689 23.423780 27.726304 -52.197896 126167.000000 111680.000000 2153.000000 
83.297407 -0.031437 -2.775152 10.444968 0.363618 -2.674760 62.798755 15.776977 18.657116 140391.000000 93498.000000 6111.000000 
67.226899 -0.658861 6.586353 16.099031 0.365747 -1.680056 59.068093 18.188038 17.730612 129176.000000 93256.000000 17568.000000 
13.506785 3.581996 -3.212474 83.996773 -0.551426 5.937639 63.686521 0.038767 6.763763 135264.000000 57216.000000 47520.000000 
78.761657 -0.286936 5.700313 39.599322 1.993082 2.393734 24.691983 3.252480 -13.760397 123239.000000 67019.000000 49742.000000 
63.841480 1.104240 -1.490321 15.896613 0.728895 0.613033 85.215553 1.517838 -0.719941 125597.000000 88734.000000 25669.000000 
16.340952 7.182211 -16.520718 80.096074 0.551265 -1.961930 44.573927 4.108373 1.066063 107151.000000 102296.000000 30553.000000 
23.709824 0.052204 0.120983 79.649953 -0.056786 6.406896 61.936102 0.485768 6.906436 103328.000000 85335.000000 51337.000000 
86.101750 0.055581 -2.728024 21.279373 0.683497 -0.962155 63.522386 6.102228 -0.420996 147540.000000 84928.000000 7532.000000 
82.359945 -0.022241 -2.791220 18.536912 0.149321 -0.527333 71.078306 13.835619 12.157265 126764.000000 99287.000000 13949.000000 
75.537620 0.173698 -4.932057 35.412947 -1.065965 -19.793581 36.593623 12.988250 13.174718 116175.000000 107654.000000 16171.000000 
96.744009 -0.979879 -1.487090 13.865722 0.652453 -0.643952 79.333240 -2.597448 -4.902315 104946.000000 98553.000000 36501.000000 
82.638779 0.547166 -1.976643 19.380676 2.451111 -12.468775 49.784786 4.920380 0.370961 125580.000000 94754.000000 19666.000000 
69.782005 -0.046259 -2.855073 19.223910 0.092165 -0.074271 62.044601 16.244965 18.692815 128731.000000 99805.000000 11464.000000 
85.335544 -0.556988 5.841929 11.122787 0.051280 0.117646 65.668160 1.921996 7.919259 114248.000000 96887.000000 28865.000000 
34.454330 1.969486 -13.843733 60.698267 50.898469 25.139135 83.375258 -0.571626 4.134617 133769.000000 73569.000000 32662.000000 
62.694414 0.038990 -2.808935 11.316315 0.386513 0.136876 64.307708 17.343958 17.155475 113827.000000 113041.000000 13132.000000 
71.138397 0.145387 -3.019416 17.015761 4.710246 -17.999433 46.902806 19.179778 21.407907 138955.000000 75415.000000 25630.000000 
87.519383 -0.721909 4.793955 8.426365 0.048530 0.206501 69.113998 7.450429 15.137203 111247.000000 99500.000000 29253.000000 
15.266999 2.427788 -3.497399 73.547062 2.068062 0.294198 19.017479 25.699471 5.283395 92178.000000 77516.000000 70306.000000 
81.714393 0.972984 7.581999 21.555658 0.078408 0.180942 43.319119 50.591613 28.598469 133368.000000 103585.000000 3047.000000 
70.915385 -0.996973 -1.055055 10.886030 0.735420 -0.835719 61.209024 16.899787 20.813009 153925.000000 76854.000000 9221.000000 
70.981917 -0.645117 -4.563799 30.544109 -0.443853 -15.317010 47.331087 11.222379 17.553721 190241.000000 28384.000000 21375.000000 
12.056909 0.134525 0.171479 82.697358 -0.293380 6.237194 50.036524 3.950189 6.597800 129069.000000 90156.000000 20775.000000 
80.410892 -0.705280 6.446878 17.335293 0.629963 -9.307831 54.463236 13.074016 13.334178 144549.000000 89896.000000 5555.000000 
69.251905 -0.142520 6.217501 17.009167 4.008602 -19.326225 49.428893 5.977802 12.397883 142193.000000 71635.000000 26172.000000 
88.056952 0.089208 -2.596812 28.044541 2.333523 -0.564003 56.115579 10.840365 9.952542 113191.000000 84436.000000 42373.000000 
85.478874 -0.401570 5.900423 58.189151 19.227626 24.449152 39.495200 0.802796 -13.815618 143543.000000 71821.000000 24636.000000 
65.453185 1.001711 -1.510295 14.054358 1.244420 -3.202357 29.985893 26.709332 13.949588 153982.000000 73536.000000 12482.000000 
10.723291 1.915823 -3.496415 86.197446 -0.520875 5.913120 73.951976 0.099322 6.603374 108399.000000 74953.000000 56648.000000 
12.339492 1.875773 -2.534360 89.597839 0.022923 -2.713662 72.747399 1.029647 -1.978099 101806.000000 91153.000000 47041.000000 
11.344192 1.102382 -0.345976 59.296412 -0.063760 -2.992321 77.763876 -0.067374 -2.846920 109388.000000 90071.000000 40541.000000 
85.108126 0.577788 -2.509659 6.590514 0.011217 -0.031456 30.830496 3.380073 -0.349868 129517.000000 92441.000000 18042.000000 
43.269367 0.296295 -15.448601 77.381678 0.174673 -2.889859 62.847340 15.716956 17.561552 109921.000000 109224.000000 20855.000000 
88.150113 -0.693928 6.341438 17.431710 1.670121 -7.485481 65.206366 2.286111 8.225044 119951.000000 93131.000000 26918.000000 
38.761540 -2.724202 -14.753772 76.496328 -0.270215 -2.372222 56.182246 19.890886 21.407433 110503.000000 99786.000000 29711.000000 
22.978179 1.193388 -13.597686 81.306738 -0.140478 4.993463 60.058707 19.192134 23.228496 148732.000000 58156.000000 33112.000000 
26.318032 -2.474308 -10.957029 84.622472 -0.504450 5.806079 66.713656 5.595360 10.031543 100546.000000 91660.000000 47794.000000 
22.608400 1.807080 -16.631040 80.197875 5.035107 8.305873 46.208905 20.271610 18.795832 178955.000000 39195.000000 21850.000000 
60.419514 -0.743466 4.962873 22.042786 10.184876 13.112826 45.100044 -0.387837 -18.917478 132717.000000 69082.000000 38201.000000 
15.288297 0.542207 -0.249927 81.941280 0.272378 -2.592879 43.575547 38.027185 -12.460459 154445.000000 63240.000000 22315.000000 
6.827245 0.135776 0.081237 82.822791 -0.708481 6.486708 65.061136 11.085905 15.480404 142465.000000 77811.000000 19724.000000 
81.121053 0.230515 -2.855470 8.354524 0.135364 -0.482086 28.236480 0.399127 -13.389876 115837.000000 79000.000000 45163.000000 
75.993779 0.179026 -2.620611 21.455317 2.907264 -12.806895 42.985936 16.748269 25.716334 141161.000000 54308.000000 44531.000000 
84.883233 0.490397 -1.974828 13.017339 2.147780 1.125082 40.199135 3.159540 1.194394 115993.000000 105688.000000 18319.000000 
88.248170 -0.677324 6.388047 13.452247 0.207904 0.233555 65.266418 10.404332 12.100357 128734.000000 101971.000000 9295.000000 
87.394926 -0.201636 3.540502 54.780292 17.519182 17.601955 67.047035 -6.883709 1.681010 176471.000000 33029.000000 30500.000000 
73.655091 0.183536 -3.136629 27.545380 3.837263 -17.760430 55.165572 17.134844 19.670858 122963.000000 104019.000000 13018.000000 
59.534083 1.004394 -1.553478 33.762624 1.150478 -17.301121 81.344516 1.933747 0.864344 103639.000000 71382.000000 64979.000000 
76.726598 0.077697 -2.573832 25.305838 0.368451 -17.850521 45.518230 2.351611 1.508080 117458.000000 76133.000000 46409.000000 
20.719255 1.643748 -11.702499 81.999490 1.014010 6.965483 64.965242 6.710703 11.570727 103941.000000 86558.000000 49501.000000 
76.149492 0.422955 -2.322393 21.562559 0.861744 -13.821305 43.764429 18.000170 24.800737 100650.000000 74035.000000 65315.000000 
76.764167 0.845234 6.440500 14.403472 0.454397 0.262115 59.576181 3.508274 8.407436 140808.000000 80952.000000 18240.000000 
46.379249 25.404615 34.347960 79.116996 4.589278 19.109443 35.109674 0.805709 13.418991 130838.000000 55693.000000 53469.000000 
75.733607 2.839553 1.816851 16.201736 4.569768 2.688166 39.160691 61.980434 36.005728 199369.000000 30930.000000 9701.000000 
80.111378 -2.682556 -7.527156 10.342317 0.192503 0.369841 44.558109 -0.642054 0.068312 131485.000000 74061.000000 34454.000000 
66.371550 -0.192712 -3.391032 44.074966 -1.959770 -20.372751 42.286861 7.148522 19.570527 123002.000000 86636.000000 30362.000000 
82.950148 0.142959 -2.526465 32.273181 1.483813 -9.787790 56.680353 1.377683 -3.350583 120420.000000 75956.000000 43624.000000 
59.918593 2.099340 9.380452 19.930162 2.629744 2.893444 55.063606 41.584484 1.419842 155860.000000 77806.000000 6334.000000 
87.186669 -0.343638 6.486636 43.130412 13.429817 12.928879 51.080086 -0.751172 -17.950861 90929.000000 75473.000000 73598.000000 
16.621217 1.611724 -9.279255 29.357159 0.980833 -14.809654 78.176367 -0.738297 6.344476 105285.000000 85027.000000 49688.000000 
84.945142 -0.559836 5.935950 12.755346 0.269729 0.544317 69.737237 2.420246 9.097512 126225.000000 74247.000000 39528.000000 
77.758434 0.331635 -2.317434 17.602840 0.590638 -1.208817 42.222401 1.190133 -0.381910 126710.000000 89496.000000 23794.000000 
79.713079 1.129419 7.325501 13.676120 0.238561 -0.434572 29.971544 1.078350 -0.812853 115805.000000 89136.000000 35059.000000 
73.001819 1.633131 -1.083868 25.953066 4.901210 -18.616427 7.574061 2.424143 -1.399869 121635.000000 60502.000000 57863.000000 
86.326645 0.538531 -1.874465 15.043279 0.393961 -2.474602 27.337043 1.217419 -14.764592 93177.000000 87777.000000 59046.000000 
14.151432 1.148763 -1.210082 64.343217 2.266635 0.006322 86.550573 0.365134 -2.213556 117736.000000 81209.000000 41055.000000 
79.993584 0.874952 9.090713 66.351448 15.535718 21.721128 24.869597 1.414211 -13.684755 159829.000000 56706.000000 23465.000000 
21.052954 0.791479 -8.623118 85.616593 0.085434 6.336659 54.042640 1.225811 5.466539 108010.000000 89179.000000 42811.000000 
68.004830 -1.578043 3.269344 41.227328 -2.205512 -20.445859 56.718010 14.826536 29.980056 143725.000000 75410.000000 20865.000000 
10.242675 0.492386 -1.104244 68.704990 -0.344285 6.769714 30.785741 0.895635 -0.457835 101396.000000 94559.000000 44045.000000 
86.278445 -0.123138 6.689017 21.400471 0.798022 -11.359765 50.736512 17.925007 11.938056 110294.000000 90543.000000 39163.000000 
74.402455 -0.088373 5.878819 62.997254 18.628563 21.883013 33.717118 2.854668 -15.613016 107042.000000 95847.000000 37111.000000 
75.078014 0.878654 -5.483961 36.433018 0.208296 -20.355739 56.975419 11.196354 20.377627 134291.000000 87256.000000 18453.000000 
71.335893 0.249530 -2.337497 15.563918 0.195184 -0.163429 43.272601 0.933104 -0.830751 140399.000000 82621.000000 16980.000000 
12.402122 0.749570 -1.468626 84.569532 -0.571101 5.924845 76.531122 -0.594539 6.043518 105776.000000 75833.000000 58391.000000 
83.908875 0.217149 6.613467 21.335559 1.568001 -10.516621 63.460858 2.361002 7.481506 98178.000000 83483.000000 58339.000000 
23.298755 -0.937059 -13.570206 75.101370 3.131531 1.025024 33.450343 0.660798 10.198068 158235.000000 42778.000000 38987.000000 
70.590853 0.926079 8.018887 14.814182 1.606649 -2.770394 35.108401 2.131386 -0.260175 140929.000000 76215.000000 22856.000000 
83.481464 -0.007657 -2.725299 17.655182 1.156672 -1.862922 62.743567 4.976516 4.313843 100992.000000 89468.000000 49540.000000 
85.084232 0.054824 -2.277561 12.812909 1.061738 0.200530 34.588848 0.758620 -0.662703 147354.000000 65486.000000 27160.000000 
84.773839 -0.591701 6.435167 60.085964 18.672301 26.284777 26.680933 0.984762 -15.270064 145485.000000 76881.000000 17634.000000 
63.871835 -0.448460 7.008530 63.083212 17.052783 21.395452 30.598822 2.069394 -21.310206 141664.000000 82459.000000 15877.000000 
63.137396 0.504590 -2.628399 23.968283 1.149823 -16.300917 84.503481 0.443427 -2.235626 118645.000000 87316.000000 34039.000000 
73.633032 -0.596066 6.445512 90.911090 0.655678 -0.532892 40.174975 5.837519 13.158509 141798.000000 49960.000000 48242.000000 
45.548626 0.853179 -28.183753 80.550219 -0.618937 5.960384 45.238950 6.443333 10.159918 102405.000000 93033.000000 44562.000000 
19.601486 1.447176 -8.637771 79.829637 0.567802 -1.999375 58.087548 2.119238 0.031410 125868.000000 69276.000000 44856.000000 
60.112845 0.960280 -1.913663 18.594186 -0.535896 -7.086193 83.368536 -0.091359 -2.442300 105514.000000 97083.000000 37403.000000 
18.566285 0.903668 -5.120723 81.694569 -0.698207 6.486034 64.933679 2.427254 8.720038 112449.000000 96726.000000 30825.000000 
25.455574 -1.023036 -14.970358 27.684916 3.211719 1.016884 49.361439 4.767206 0.453684 102502.000000 74807.000000 62691.000000 
76.346571 0.015341 -2.757400 16.504555 1.359944 -11.148121 62.719304 16.797828 17.236198 115690.000000 101450.000000 22860.000000 
81.143612 -0.001679 -2.818266 16.301864 6.212047 -13.464830 64.344920 16.462667 19.487272 141250.000000 80920.000000 17830.000000 
81.268699 -0.506973 5.939001 16.763628 4.620974 -9.949490 68.567533 14.978069 22.332782 141363.000000 84724.000000 13913.000000 
66.265770 -0.118988 6.962026 15.664678 0.437204 0.043153 33.365679 1.494743 0.693520 122376.000000 92033.000000 25591.000000 
69.119243 -0.045853 -2.896102 15.724640 0.111908 -0.007051 66.339998 13.612755 15.304468 121433.000000 110100.000000 8467.000000 
86.687128 -0.099334 6.494056 13.947780 0.512683 -0.107814 62.235789 2.688428 6.573478 100590.000000 86916.000000 52494.000000 
76.211655 0.488105 -2.590202 50.295268 0.902590 -16.743228 14.268424 0.009216 -3.243233 147656.000000 70616.000000 21728.000000 
16.642414 3.495302 -1.330520 89.803563 -0.543555 5.859447 72.634855 0.910063 6.936354 110230.000000 87775.000000 41995.000000 
20.801655 3.483235 -24.484007 85.501505 -0.540121 5.435614 62.673984 11.448481 13.978337 111443.000000 101246.000000 27311.000000 
86.333262 0.002399 -2.727845 20.886099 -0.715929 -8.061618 66.417897 1.264439 -1.472654 102837.000000 72851.000000 64312.000000 
76.969917 -0.043970 -2.899147 14.707727 5.057811 -13.050643 60.619235 15.068364 18.742113 131810.000000 93426.000000 14764.000000 
66.752217 0.372891 2.040250 83.899123 -0.222806 3.440291 36.084520 1.857952 -13.912724 89509.000000 82131.000000 68360.000000 
59.072483 1.015184 7.984566 38.523284 -3.322004 -11.021693 77.360470 2.540317 7.716287 104175.000000 77590.000000 58235.000000 
80.345399 -0.585779 6.235381 46.238961 0.899637 -14.990374 46.616627 17.901318 41.310944 156457.000000 68922.000000 14621.000000 
70.323266 -0.036395 -2.911793 14.177726 5.407922 -14.884893 58.633797 26.298813 20.971610 130782.000000 93547.000000 15671.000000 
76.852630 0.077164 -2.678884 64.073837 20.669883 24.722531 18.081581 0.351688 0.167689 111277.000000 76952.000000 51771.000000 
9.525462 4.434828 -8.373687 66.327116 0.053351 -2.963391 62.446703 11.241948 16.417653 121980.000000 110458.000000 7562.000000 
88.432674 0.034278 -2.707646 22.706411 0.857119 0.073685 63.063580 16.626274 15.208698 154683.000000 67299.000000 18018.000000 
