16.887994 5.874117 7.210608 66.898902 0.102317 -2.466375 58.047098 19.694243 21.321621 102866.000000 95141.000000 41993.000000 
88.066764 -3.446265 -8.808748 70.312026 14.889528 23.568811 30.621424 4.675303 5.683842 94513.000000 89795.000000 55692.000000 
73.068782 0.701497 -1.778455 60.858640 17.397658 18.765027 11.564616 4.430762 3.331637 102933.000000 72645.000000 64422.000000 
68.666129 13.858220 22.058350 83.389945 -0.643460 4.671269 40.464738 11.801252 18.060377 85515.000000 80334.000000 74151.000000 
15.020122 5.412488 2.890450 91.405492 0.332610 6.953851 56.086253 20.303759 18.435582 99865.000000 90258.000000 49877.000000 
69.307377 12.955337 14.502929 92.221150 0.548376 -1.662946 39.322808 10.481052 9.382691 87333.000000 86898.000000 65769.000000 
69.742242 13.265474 22.517598 81.771559 0.826996 8.270262 35.056090 14.765300 18.360213 94763.000000 86647.000000 58590.000000 
69.000757 12.865870 21.651629 87.930193 0.597249 7.216274 40.756220 18.070532 27.536353 125231.000000 70421.000000 44348.000000 
13.550987 5.703413 4.835799 71.181172 0.546192 -1.755832 59.642788 16.996082 21.587986 116273.000000 70750.000000 52977.000000 
71.241669 0.101615 -2.718220 64.639634 16.877346 21.164927 13.163296 5.785187 4.171927 119835.000000 64543.000000 55622.000000 
91.554100 2.335157 2.564680 70.563619 15.950301 17.788929 30.325556 14.089814 13.202607 94704.000000 88004.000000 57292.000000 
16.904462 7.811182 9.426859 72.559801 0.971530 7.919219 60.068237 16.922378 20.586981 106481.000000 78493.000000 55026.000000 
84.666251 0.170219 -2.423048 14.874779 5.681966 6.769473 65.623591 16.834500 21.733248 97878.000000 92541.000000 49581.000000 
56.536433 0.418288 -0.006862 70.292836 16.667381 19.344672 22.935691 11.594963 7.191281 135046.000000 57403.000000 47551.000000 
17.529350 8.651530 7.776356 66.538932 22.288791 24.445505 70.442363 0.571966 -2.669706 100456.000000 70491.000000 69053.000000 
16.304854 8.907737 8.264071 62.153337 15.802306 19.581847 87.548906 1.073174 -0.550431 112975.000000 67441.000000 59584.000000 
73.733048 -0.329683 7.150214 66.423916 18.784903 22.242184 19.478197 7.163810 6.987248 92892.000000 78060.000000 69048.000000 
16.754269 7.187015 4.655789 73.276849 0.298717 -2.705117 68.407689 17.575731 16.936793 105337.000000 83187.000000 51476.000000 
76.710074 0.144212 -2.521705 26.886966 10.931268 13.304949 64.646047 17.861058 22.835601 104999.000000 70646.000000 64355.000000 
65.553819 15.400172 21.151960 30.687293 15.343083 17.664780 61.395832 0.791914 -1.026340 119217.000000 88428.000000 32355.000000 
14.798954 7.677563 3.813933 77.966571 0.293476 -2.402262 65.293224 18.103004 21.854185 97474.000000 88282.000000 54244.000000 
62.921330 13.809799 27.419961 87.534298 -0.004452 7.763346 29.284050 13.451616 22.181774 112067.000000 71918.000000 56015.000000 
69.928059 0.228609 -2.517423 66.525287 17.135449 20.209363 16.538215 7.254925 5.680278 97438.000000 80744.000000 61818.000000 
74.873448 0.109989 -2.662632 15.774540 8.741593 8.435768 67.275423 16.906659 22.566517 94096.000000 93491.000000 52413.000000 
79.230690 0.433808 -2.142465 65.404964 17.257041 21.170628 19.632431 7.103088 8.154558 101326.000000 81797.000000 56877.000000 
66.277304 0.131592 -2.624000 61.977527 19.440067 18.419523 18.170257 7.068021 5.360796 112923.000000 64223.000000 62854.000000 
68.130449 9.560329 16.545177 89.439041 0.161387 6.353105 38.357393 13.904356 17.131844 116690.000000 77919.000000 45391.000000 
54.192078 7.505654 12.511481 80.703893 9.819527 16.280256 20.459233 6.254843 9.744920 104104.000000 88079.000000 47817.000000 
72.939059 0.185936 -2.228956 68.757123 15.725639 22.420763 32.977663 16.575778 20.301963 89295.000000 75474.000000 75231.000000 
79.027191 1.868897 -1.180753 18.658195 6.819140 -1.292557 64.237090 19.498532 14.264525 114139.000000 80616.000000 45245.000000 
86.364042 0.367320 -2.393326 33.940611 7.159261 3.285386 66.963275 15.078567 12.173962 117614.000000 66023.000000 56363.000000 
83.794775 1.757323 7.926988 63.492564 10.043588 18.572029 31.147864 11.198133 15.603383 110676.000000 87468.000000 41856.000000 
73.489024 -0.155007 7.036651 61.612478 18.356430 23.090493 20.835066 7.307956 7.861115 138660.000000 51564.000000 49776.000000 
19.952041 9.444983 8.321381 84.766892 -0.301192 6.465083 56.320366 20.073476 23.447938 96919.000000 79870.000000 63211.000000 
73.693469 12.664328 24.420084 46.768539 19.261007 28.205414 85.746832 0.432683 -1.064671 122246.000000 61303.000000 56451.000000 
16.844632 6.741580 5.739517 73.209316 0.490792 -2.096159 57.654614 19.951220 19.647692 105646.000000 82214.000000 52140.000000 
85.723222 -1.524221 -3.062257 76.549189 11.604129 20.417885 34.956248 14.053875 20.234694 106181.000000 81230.000000 52589.000000 
86.092665 -0.058373 6.807754 62.095078 17.127389 22.202090 15.519879 4.678823 1.447392 115955.000000 62493.000000 61552.000000 
82.045301 1.013935 7.321854 64.384579 13.670548 21.049909 35.909874 15.046746 19.151276 94996.000000 89871.000000 55133.000000 
90.591505 0.285023 7.353089 68.368626 16.471165 24.615332 26.737063 13.276553 16.372328 97960.000000 71174.000000 70866.000000 
18.388154 5.716408 5.214169 74.057636 0.103018 7.059657 62.805004 19.112635 21.457022 99997.000000 93032.000000 46971.000000 
90.750991 0.423567 -1.829039 39.207284 16.665736 17.472692 70.896265 13.033817 18.344057 107922.000000 79497.000000 52581.000000 
85.088794 -0.119092 6.772577 17.087360 6.476546 7.184256 63.615341 11.842584 17.606070 103914.000000 70510.000000 65576.000000 
60.026386 20.138341 24.944427 14.413894 6.466596 4.844375 90.520579 1.231246 3.010554 112774.000000 101751.000000 25475.000000 
79.376550 3.298224 10.778945 53.914694 12.288446 21.636315 26.650410 10.377129 15.997839 121622.000000 77159.000000 41219.000000 
67.855158 13.675573 15.122094 87.685644 1.324539 6.796562 41.260412 14.277763 14.413865 109911.000000 72456.000000 57633.000000 
89.523025 -0.500773 6.788879 61.958175 16.419115 20.502708 25.929640 8.860388 11.854803 83503.000000 79730.000000 76767.000000 
87.633917 1.582311 7.642319 58.370442 15.710864 21.226681 21.012237 12.270440 14.110619 97924.000000 88236.000000 53840.000000 
74.964687 0.543752 -2.094440 32.192344 10.481923 9.844159 67.745023 14.798926 14.246596 101935.000000 74793.000000 63272.000000 
83.277406 0.386316 -2.366006 73.374110 13.692516 19.228984 49.444042 11.689673 14.500142 107916.000000 84677.000000 47407.000000 
75.319788 -0.156453 6.846677 63.160806 18.031372 23.229405 21.053781 5.872607 6.303998 112675.000000 69878.000000 57447.000000 
57.752759 9.307452 16.935558 27.127201 11.470322 16.330252 91.660847 2.267390 9.571962 84581.000000 83321.000000 72098.000000 
18.312984 3.953464 0.715398 86.360425 -0.055459 6.383694 59.210041 14.349534 21.900687 111972.000000 76734.000000 51294.000000 
73.157645 1.390104 6.992647 21.096852 7.216173 7.211699 63.932674 16.521769 20.609372 110063.000000 68961.000000 60976.000000 
78.116196 0.421688 -2.105109 17.367452 4.473214 5.502368 61.026628 21.280985 23.552801 109332.000000 74683.000000 55985.000000 
83.774569 2.316936 9.771417 49.963547 11.790531 18.066841 18.167021 7.765121 7.651437 114884.000000 68490.000000 56626.000000 
83.443814 0.088976 7.193131 66.265722 15.449962 22.966088 35.757441 16.446727 18.264005 111405.000000 78654.000000 49941.000000 
69.951161 0.105682 -2.612354 68.966055 14.222237 20.462716 36.466489 15.507075 19.415929 109458.000000 65710.000000 64832.000000 
79.388369 0.358402 7.525050 66.123816 14.904266 22.594384 37.007312 15.059766 19.498484 102543.000000 91803.000000 45654.000000 
84.892516 -0.564166 6.532563 24.559470 9.028729 10.999661 69.262923 17.323008 24.280593 95796.000000 95674.000000 48530.000000 
18.472627 9.667086 10.105261 81.301685 0.587258 7.328515 68.444344 15.057350 21.285079 105809.000000 73500.000000 60691.000000 
86.805241 0.553554 7.686316 66.190345 13.943699 20.959906 32.388518 16.137237 21.527778 99715.000000 81781.000000 58504.000000 
88.181458 0.641308 -1.589350 67.283616 12.999599 17.642893 30.960770 10.845966 14.664263 87061.000000 81071.000000 71868.000000 
85.605950 0.874066 7.592122 65.095649 13.611140 19.177094 30.931555 12.992133 18.182127 107937.000000 76363.000000 55700.000000 
92.288488 0.366467 -1.826788 74.823461 11.485915 18.561428 46.419027 17.441059 19.306146 94588.000000 82407.000000 63005.000000 
69.513478 0.065184 -2.740802 22.132438 9.010730 8.525970 65.305672 18.995531 20.581341 106004.000000 77734.000000 56262.000000 
9.414525 6.763503 4.663245 38.452302 6.228087 3.816276 69.036053 16.657841 17.330017 113381.000000 80946.000000 45673.000000 
18.372939 5.869671 3.596752 81.968230 8.226796 10.501919 51.243706 19.192037 14.761572 104337.000000 86491.000000 49172.000000 
15.022345 4.507356 2.832420 59.315065 15.028464 19.256507 86.819211 0.022068 6.152831 100032.000000 74389.000000 65579.000000 
72.126836 12.173040 20.873110 68.176598 0.227227 -2.193787 44.772895 15.532504 21.620444 96293.000000 90033.000000 53674.000000 
67.221770 10.956508 19.063017 86.834811 0.811438 7.395495 34.015136 13.639770 17.784137 124351.000000 74543.000000 41106.000000 
16.532815 6.777198 4.085170 82.029983 0.300330 7.127377 58.880748 15.414568 20.199320 93966.000000 79237.000000 66797.000000 
67.831930 15.643189 22.676631 38.841764 15.848867 20.265217 68.665453 0.653820 -1.468965 113502.000000 68529.000000 57969.000000 
66.076386 0.240995 -2.450723 67.996593 16.912061 19.297160 27.240566 10.196617 10.410815 100612.000000 81211.000000 58177.000000 
64.004799 18.781343 25.264862 95.075775 -1.448019 -1.924069 28.270605 9.298692 9.264029 95232.000000 86452.000000 58316.000000 
78.887646 0.335315 -2.511428 14.850617 5.362475 -0.575626 64.220274 18.143257 15.705947 130936.000000 55840.000000 53224.000000 
67.405340 14.608563 20.976930 34.785488 12.202394 17.623350 81.065382 0.421823 -2.044224 86736.000000 77946.000000 75318.000000 
79.445576 1.836994 7.327737 60.153074 12.824572 17.660567 22.160905 8.246314 7.662170 99027.000000 77055.000000 63918.000000 
63.420595 20.248859 23.802895 21.342010 14.854496 14.550010 86.171821 1.031235 -1.677722 100462.000000 95236.000000 44302.000000 
82.531955 -0.007129 6.255156 69.562628 11.559290 21.939909 35.798733 7.886528 10.607305 129637.000000 86113.000000 24250.000000 
15.965902 6.964344 6.892739 90.622355 0.068468 6.058529 61.608702 18.344121 22.893975 101565.000000 72449.000000 65986.000000 
89.822465 0.501824 6.631823 70.355513 12.492610 19.246168 36.014048 14.492907 17.565496 109356.000000 92011.000000 38633.000000 
55.625131 10.980222 20.871021 16.255579 9.734759 -5.085180 88.496076 -2.092965 5.836416 84480.000000 83963.000000 71557.000000 
34.964115 11.324075 16.807153 85.033467 -0.132939 6.898132 62.211693 13.313218 21.355086 88164.000000 82993.000000 68843.000000 
13.679549 5.106601 4.351208 84.847721 0.427558 7.200870 60.262992 18.964588 23.770792 131281.000000 58595.000000 50124.000000 
75.471068 2.743028 9.688468 58.440829 21.110061 25.462678 14.269335 6.119137 6.240917 81800.000000 79640.000000 78560.000000 
66.054306 10.392986 18.482779 86.141057 0.906747 7.147059 32.722401 13.748268 18.586009 113824.000000 92140.000000 34036.000000 
68.967169 13.948725 18.661450 80.881724 0.315840 -1.911108 36.695859 13.668356 16.959970 120150.000000 72254.000000 47596.000000 
76.171205 0.083908 -2.633664 67.148206 18.796822 23.302929 13.698444 7.517087 4.624497 99541.000000 76158.000000 64301.000000 
78.194758 0.269629 -2.294705 27.680505 11.075442 10.613059 74.511827 16.316725 18.445350 120729.000000 66812.000000 52459.000000 
15.285323 7.960106 3.992043 67.175405 20.364197 21.137899 78.087368 0.586361 -2.239468 109612.000000 78940.000000 51448.000000 
61.764923 0.962815 -1.882057 49.050008 18.187707 16.159919 17.059052 5.583864 1.766652 128464.000000 61682.000000 49854.000000 
14.731494 5.494994 0.487370 84.243052 -0.231123 6.497014 58.734430 16.346950 15.940235 89011.000000 78819.000000 72170.000000 
15.166947 7.102545 8.184259 69.599702 -0.384529 6.640499 68.098923 18.793366 24.833244 102725.000000 79994.000000 57281.000000 
22.485452 11.249083 8.758569 82.046740 1.197829 7.435591 65.640138 17.867611 21.062979 114765.000000 64779.000000 60456.000000 
14.251974 5.124369 4.118094 73.646621 0.235421 -2.506407 61.624942 18.000266 23.195114 101314.000000 90386.000000 48300.000000 
89.347194 0.269187 7.356212 67.126260 13.227683 21.787988 36.104091 13.454296 18.119230 111818.000000 79538.000000 48644.000000 
9.751060 5.364925 3.106376 76.861577 7.513355 12.228831 48.326878 17.871041 18.959403 116763.000000 74564.000000 48673.000000 
68.495308 14.085673 22.085494 77.879661 0.464394 -1.774318 39.079536 16.534862 21.716741 100246.000000 82498.000000 57256.000000 
15.357607 5.914466 5.231367 64.108379 0.364961 -2.056906 56.825197 20.006911 22.723352 113762.000000 77163.000000 49075.000000 
13.896506 4.835432 5.047113 88.244799 -0.154847 6.114538 56.732368 16.965614 19.629289 101295.000000 90260.000000 48445.000000 
12.824449 7.175669 5.582299 62.202702 16.244656 20.823006 87.767792 0.751989 -1.731640 107453.000000 71227.000000 61320.000000 
85.522927 -0.344950 6.721396 23.941662 12.384283 13.289231 60.576252 16.999712 20.433304 112816.000000 75433.000000 51751.000000 
15.486344 5.621941 4.532397 50.896592 17.470044 16.659011 87.798708 2.056627 0.070167 88916.000000 75581.000000 75503.000000 
17.261630 8.245528 4.830688 81.948875 0.517739 -2.143884 64.306705 21.244701 22.869608 101788.000000 84584.000000 53628.000000 
22.387213 9.488792 10.902284 86.093782 -0.420312 6.595215 68.007470 18.024154 24.671822 97971.000000 83906.000000 58123.000000 
75.194569 -0.299191 6.699066 22.437750 5.764227 5.252686 63.894586 18.417272 21.895266 109908.000000 69349.000000 60743.000000 
73.401585 13.474383 21.497546 88.239939 0.814394 7.365462 41.153277 16.791001 22.511719 109853.000000 83066.000000 47081.000000 
20.869582 8.349400 8.135296 91.844237 0.065228 6.128844 59.522799 18.001575 21.384913 106179.000000 77938.000000 55883.000000 
23.709437 8.914370 9.419784 73.756320 0.153625 -2.520096 63.604381 17.969084 20.626567 101917.000000 88056.000000 50027.000000 
23.073538 11.028626 12.058074 72.829693 -0.209147 7.000856 62.619457 17.256326 20.954348 105059.000000 88448.000000 46493.000000 
74.909248 0.276576 -2.877418 20.872197 5.553513 -0.717863 66.640812 16.550007 17.905861 141013.000000 56332.000000 42655.000000 
86.735203 1.174390 7.192819 56.590886 11.567010 15.933003 23.157404 13.009464 -33.329547 148152.000000 81685.000000 10163.000000 
76.457275 0.130273 -2.536303 19.545913 7.426633 8.263035 63.221140 18.860909 21.058435 113770.000000 78846.000000 47384.000000 
82.762251 0.509639 -2.068986 66.297245 16.011412 20.541639 24.039354 7.499919 5.258594 106051.000000 79240.000000 54709.000000 
13.558170 4.820686 4.032633 56.280115 10.428452 11.540210 86.012596 2.411950 1.137757 99703.000000 80577.000000 59720.000000 
71.354613 0.369314 -2.071340 68.948409 14.768432 17.454602 36.754597 13.170679 14.046597 94900.000000 82844.000000 62256.000000 
87.179278 2.308056 5.270003 63.694102 13.246191 20.607683 35.714174 13.336485 17.750357 101665.000000 84109.000000 54226.000000 
24.123547 9.753082 14.811287 62.523774 12.967668 20.688849 72.290193 0.369160 -1.827026 94252.000000 84385.000000 61363.000000 
86.691421 -0.019582 6.600623 12.214745 4.529225 2.820195 62.645115 15.361544 18.957676 84933.000000 83850.000000 71217.000000 
87.603906 0.552751 -0.722311 69.162487 9.643686 17.746555 33.814891 13.750264 20.163320 99624.000000 91527.000000 48849.000000 
69.550234 0.342257 -2.223387 71.377702 17.577738 20.169698 38.500138 15.722703 17.256155 111360.000000 69116.000000 59524.000000 
74.124014 0.114398 -2.694616 66.189099 18.334790 23.802384 16.673531 7.097077 4.654964 90821.000000 80363.000000 68816.000000 
72.099245 12.936808 20.425305 75.304881 0.308726 -1.995203 42.470939 16.908111 20.897252 106037.000000 92946.000000 41017.000000 
14.884144 5.893737 4.719584 72.949353 0.128246 -2.660012 63.858416 19.422966 23.511390 87258.000000 77686.000000 75056.000000 
78.466180 0.163481 -2.269748 66.528320 17.779380 23.583607 33.641992 14.587620 18.556992 122380.000000 82693.000000 34927.000000 
16.971292 8.907331 9.761415 72.403196 -0.428419 6.600636 67.785903 18.355440 22.324631 107173.000000 70506.000000 62321.000000 
20.826256 8.712277 8.459569 57.572913 19.148245 21.661457 84.356264 -3.264391 4.405899 110441.000000 67342.000000 62217.000000 
26.270152 9.106047 10.465423 79.849583 0.106105 -2.584434 67.038503 17.982552 23.112172 116202.000000 77705.000000 46093.000000 
20.550453 10.562517 8.860686 86.993822 1.309462 -1.018149 57.663703 17.925875 17.834581 90706.000000 75648.000000 73646.000000 
46.822614 1.127499 0.912352 65.560090 19.446377 22.016326 14.051268 6.268411 2.648992 120637.000000 71702.000000 47661.000000 
18.239354 5.984076 3.036645 84.910549 -0.057765 6.066243 60.035950 20.794415 22.795508 101986.000000 84389.000000 53625.000000 
13.831726 6.538998 3.502028 68.892362 17.157991 19.782018 84.132801 0.325910 -2.396950 106387.000000 76689.000000 56924.000000 
71.986442 0.049844 -2.639650 63.019128 18.125031 19.765172 17.732977 7.174684 6.074789 128178.000000 62260.000000 49562.000000 
77.219691 0.080597 -2.210738 69.616094 14.873375 21.663514 35.801477 16.042544 19.697547 84190.000000 79839.000000 75971.000000 
72.901915 0.382408 -2.106560 66.851483 16.022951 21.302200 27.127875 12.002238 13.613880 96563.000000 81871.000000 61566.000000 
77.824067 0.720275 -1.737705 18.183723 7.158475 4.530128 60.285047 24.024730 23.949367 92577.000000 90424.000000 56999.000000 
17.946316 6.831445 7.820589 74.731085 0.619161 7.299625 60.701784 18.108558 19.193507 119450.000000 77567.000000 42983.000000 
11.704076 3.866999 2.492699 82.715006 0.005021 6.862220 57.238757 18.848585 20.589834 113297.000000 71929.000000 54774.000000 
63.816804 12.092240 19.403717 23.768467 8.915385 12.827890 60.634586 0.344273 -2.132694 90004.000000 85370.000000 64626.000000 
85.634751 1.735762 8.081349 61.854970 9.468291 16.267295 29.204739 10.736978 15.891264 107186.000000 90519.000000 42295.000000 
78.552054 2.223587 -0.325873 29.038774 9.865537 8.462872 61.145440 14.317310 12.536255 104493.000000 69109.000000 66398.000000 
70.283926 0.026590 -2.714453 64.638595 17.159816 19.659860 19.619003 7.684736 8.653614 130671.000000 72641.000000 36688.000000 
89.995394 -0.309395 6.574531 69.443769 13.207512 20.208392 42.344680 15.898708 21.892671 114496.000000 74392.000000 51112.000000 
74.231185 0.275629 -2.493917 17.655306 4.001483 3.392158 67.297930 17.211733 19.650666 102761.000000 87354.000000 49885.000000 
13.912782 7.508664 8.384455 62.353803 18.677406 20.696914 87.617602 0.747182 6.642169 102687.000000 76623.000000 60690.000000 
67.261185 10.488067 19.535472 86.542800 0.631107 7.724368 36.569359 14.804584 19.507676 110336.000000 67094.000000 62570.000000 
75.002797 0.557641 -2.080181 12.568109 6.069726 3.816951 63.541587 19.683938 19.737509 105045.000000 74761.000000 60194.000000 
80.149589 -0.000034 -2.699666 29.101601 10.644887 12.706357 65.742425 18.031729 23.342437 100138.000000 85061.000000 54801.000000 
76.518069 1.539815 7.802268 60.151502 18.053513 21.408462 14.882019 5.082261 5.674407 85701.000000 77784.000000 76515.000000 
76.685302 0.113320 -2.673777 16.903571 7.525328 5.032839 65.826053 17.620117 23.013968 108048.000000 67475.000000 64477.000000 
68.884226 10.161701 17.948846 32.046774 13.293356 17.614094 37.045072 3.523126 -30.516738 98063.000000 88753.000000 53184.000000 
69.905945 0.016354 -2.660602 24.041847 9.346199 11.001357 61.978860 19.545629 22.796975 119084.000000 77526.000000 43390.000000 
73.399371 -0.276474 6.921113 71.937745 16.456722 21.914113 35.602875 14.505340 16.877476 104047.000000 68971.000000 66982.000000 
87.987288 -0.329107 6.056248 18.297138 6.827575 6.140736 57.905350 15.761710 18.088523 89868.000000 75778.000000 74354.000000 
61.577562 11.392872 13.487894 18.833480 5.401965 5.394585 90.483647 0.906789 -1.503021 95257.000000 90959.000000 53784.000000 
92.170319 -0.342911 1.765307 72.611252 11.486054 23.732843 39.441440 15.273067 23.589807 101360.000000 97009.000000 41631.000000 
23.733641 9.572227 10.284757 79.365250 3.676559 9.763212 59.732699 17.592466 19.843377 95335.000000 79880.000000 64785.000000 
13.103985 7.067594 4.382853 83.986376 0.389004 6.274207 62.031365 18.112181 17.849951 100958.000000 83421.000000 55621.000000 
17.185746 6.433255 5.237956 82.545325 0.386416 -2.282061 60.970268 19.099281 18.725718 112615.000000 80182.000000 47203.000000 
79.014459 -0.104711 6.078279 14.379654 5.288521 4.692224 64.661348 17.106161 23.490521 113083.000000 72232.000000 54685.000000 
17.293605 3.836932 3.993883 85.300145 0.313114 -2.362681 57.752730 18.047037 20.074604 117779.000000 75388.000000 46833.000000 
82.330081 -0.539953 6.917436 64.612849 12.569067 18.335596 40.777297 11.299844 16.260339 87168.000000 85022.000000 67810.000000 
79.857691 3.145593 -5.406171 16.260338 5.547970 -0.411099 62.144858 18.880875 15.954139 115238.000000 66511.000000 58251.000000 
86.557181 -0.133502 6.144233 13.412606 6.004405 4.381491 59.975395 18.362354 24.059008 98444.000000 98121.000000 43435.000000 
67.496810 10.263643 18.011732 89.028728 0.256361 7.666643 38.281535 12.196709 17.772581 102619.000000 85448.000000 51933.000000 
69.777013 0.000456 -2.823639 63.159014 16.692935 20.688116 9.951815 5.571991 4.618842 108988.000000 72286.000000 58726.000000 
66.899682 12.360141 21.001848 85.793224 0.503795 7.355080 30.754421 12.011901 17.678326 112587.000000 80750.000000 46663.000000 
77.986969 0.173465 -2.440059 28.647770 7.802353 18.388676 64.717051 21.487604 25.825887 106309.000000 72042.000000 61649.000000 
27.531461 13.397794 15.699481 86.326576 1.178207 6.709626 67.745236 14.620723 16.183190 101686.000000 78091.000000 60223.000000 
76.416796 0.486212 -2.099476 13.528734 5.685026 5.298517 62.029547 20.763397 22.455374 106199.000000 74671.000000 59130.000000 
88.760647 0.793657 7.416329 63.495885 18.265481 20.261684 26.338063 12.812118 12.061532 98484.000000 73489.000000 68027.000000 
94.055021 -0.160776 -0.815128 64.901969 13.535756 19.430090 35.737018 15.368599 19.325595 103191.000000 99616.000000 37193.000000 
66.783192 9.841069 16.827608 85.519409 0.332133 6.687106 37.605829 12.978726 17.772735 96086.000000 82139.000000 61775.000000 
87.826324 -0.472655 6.672576 65.543663 19.486652 27.283462 21.156896 13.389832 16.396054 104342.000000 70504.000000 65154.000000 
77.788430 0.450804 -1.848636 67.529715 14.936191 21.039818 37.120558 16.141100 18.676626 90855.000000 87444.000000 61701.000000 
86.088722 0.009951 6.985773 65.427192 10.684448 19.301858 39.813695 11.411875 18.294197 116583.000000 71745.000000 51672.000000 
88.954230 0.098556 -2.504210 15.227752 4.961657 3.936229 59.871144 17.848643 24.483578 111189.000000 89137.000000 39674.000000 
74.154995 1.075256 8.566267 56.584653 17.042949 25.128092 22.874287 14.004993 17.768621 115081.000000 72592.000000 52327.000000 
70.473902 0.377935 -2.202853 25.629495 12.180152 11.322371 70.054937 19.193527 21.924357 94596.000000 90760.000000 54644.000000 
13.368589 5.548169 5.966915 89.746476 -0.216176 6.056240 54.573099 18.681719 22.129362 104097.000000 81305.000000 54598.000000 
16.223678 8.217062 5.970694 76.337583 0.290632 -2.275143 61.987240 18.179936 20.782880 108560.000000 74325.000000 57115.000000 
91.006977 0.522288 -2.083166 61.873476 16.231111 17.671449 21.724527 8.642562 6.125506 97319.000000 82477.000000 60204.000000 
20.540818 9.026018 9.588583 64.743216 15.879770 21.747487 85.574560 0.764696 6.656140 110433.000000 69908.000000 59659.000000 
86.891510 0.172077 7.186542 63.839756 11.262750 25.876272 30.880018 13.069843 22.338632 98309.000000 96608.000000 45083.000000 
63.409624 12.078040 13.993752 90.707513 0.728494 -1.028640 24.511471 10.329414 9.277795 107957.000000 87293.000000 44750.000000 
62.657934 12.781549 21.623577 83.840083 1.922285 8.526693 37.845544 12.696305 20.694001 88150.000000 79979.000000 71871.000000 
21.075444 11.061001 10.230058 64.782559 20.757873 22.113942 74.649529 0.791490 -1.806135 100531.000000 71012.000000 68457.000000 
17.870821 7.327251 5.785999 72.813933 0.410257 -2.297748 57.604607 20.073919 19.617192 111143.000000 78353.000000 50504.000000 
76.353043 0.355848 -1.868826 68.152229 14.737938 22.815601 33.062223 13.899252 16.828205 111249.000000 101688.000000 27063.000000 
86.435250 2.132946 7.694201 64.024748 12.306998 17.737539 28.958471 11.316420 14.263134 120258.000000 70705.000000 49037.000000 
68.483299 13.121167 25.365567 40.449829 13.840572 22.622535 79.442471 0.381008 -0.607093 86119.000000 83489.000000 70392.000000 
78.454568 0.589922 8.019305 63.671991 12.613180 21.014123 34.116592 14.892819 20.062736 104651.000000 92371.000000 42978.000000 
73.445494 13.702060 23.086971 78.124826 0.110886 7.231125 38.745749 17.433046 19.128144 107268.000000 82455.000000 50277.000000 
68.426611 12.468266 19.636694 73.363884 0.162349 -2.312794 43.188151 15.214459 19.525111 105849.000000 82622.000000 51529.000000 
69.355380 0.132812 -2.855311 17.324670 5.148535 2.795333 68.295453 14.282075 17.624662 111971.000000 76271.000000 51758.000000 
66.405617 16.555888 23.024055 15.895234 9.386367 10.712388 40.931705 3.656051 -2.076357 86078.000000 83887.000000 70035.000000 
73.566983 0.798459 8.110365 67.677298 15.444104 23.359070 34.222686 16.979067 19.672175 88276.000000 88233.000000 63491.000000 
15.183943 7.659446 7.364530 85.714500 -0.055624 6.901296 59.435510 16.746337 22.005274 94074.000000 81718.000000 64208.000000 
70.036621 0.259481 -2.122182 24.674029 11.391686 13.248459 60.111338 16.997140 19.589584 100127.000000 78891.000000 60982.000000 
15.392316 6.046929 5.330798 68.004231 0.115101 -2.610544 57.020201 17.966576 19.582753 132495.000000 57568.000000 49937.000000 
56.074998 12.249278 22.827462 75.184012 0.837006 -1.258450 23.250264 7.918028 16.178956 84725.000000 81582.000000 73693.000000 
91.524896 0.235598 -2.541653 61.381628 15.668030 18.774461 27.504742 7.254195 3.418688 102238.000000 69588.000000 68174.000000 
71.964823 11.496958 21.721664 92.801567 0.112776 -2.214954 43.864488 15.869325 20.094091 106891.000000 88416.000000 44693.000000 
15.509165 6.739809 6.670756 52.013532 1.126554 0.924490 63.578138 17.497037 16.115195 115921.000000 86242.000000 37837.000000 
90.486474 -0.021434 6.018851 14.952196 5.944316 6.194075 57.717448 17.717945 19.263989 125437.000000 58285.000000 56278.000000 
77.533238 0.191545 -2.544523 67.423629 18.086236 20.469091 17.317179 8.693289 2.426130 122569.000000 69067.000000 48364.000000 
18.356457 10.504580 11.043002 80.994200 0.584002 -1.875368 63.816637 17.555410 23.383198 97552.000000 78151.000000 64297.000000 
52.856248 15.591904 21.922144 72.886727 1.986049 9.098887 26.177203 9.605008 13.198322 90041.000000 87315.000000 62644.000000 
16.541378 7.733916 7.818331 59.913594 13.215863 16.695997 83.157306 1.204998 7.041093 118233.000000 76149.000000 45618.000000 
78.963524 0.206858 7.291426 68.406559 14.120928 22.806554 35.078242 13.946939 17.069881 108847.000000 91300.000000 39853.000000 
11.548338 4.968503 3.446941 68.219854 16.195194 20.352364 66.864119 0.330000 -2.472129 113906.000000 64989.000000 61105.000000 
20.039684 8.193032 9.755223 81.978541 0.505136 -1.753362 62.055265 16.718047 21.495407 108360.000000 90047.000000 41593.000000 
68.644818 12.270932 21.057818 85.566155 2.392300 9.053607 36.195143 15.717077 20.910264 121645.000000 75804.000000 42551.000000 
17.986936 6.783867 0.353996 84.577110 2.976498 0.781431 66.997386 18.280161 16.176113 114049.000000 70359.000000 55592.000000 
83.222984 0.764654 -1.923237 30.906283 9.894339 7.443720 61.709182 16.126273 16.561681 106160.000000 67974.000000 65866.000000 
80.106426 0.370492 -2.155181 62.486269 17.947690 21.215585 16.908674 5.965424 6.085815 106038.000000 75123.000000 58839.000000 
68.366767 14.628582 21.136369 89.938027 -0.936752 -7.918561 37.139853 10.011524 13.970470 106989.000000 94120.000000 38891.000000 
80.489487 0.221246 -2.615047 66.182911 15.500020 18.576463 12.260428 5.285613 3.743551 105701.000000 69041.000000 65258.000000 
65.690078 13.104825 21.589096 71.737169 0.357264 -0.363653 32.548063 10.124223 14.372758 97478.000000 87539.000000 54983.000000 
15.204709 5.032066 5.370745 90.506190 -0.228718 6.032281 57.528562 17.969221 20.490920 97316.000000 93498.000000 49186.000000 
20.940174 10.331836 10.349521 68.841766 19.542013 21.088611 84.186238 -0.318830 5.920414 117622.000000 76943.000000 45435.000000 
69.939226 0.380996 -2.266235 18.490483 9.505761 9.849945 62.386702 17.844947 19.974874 108870.000000 77577.000000 53553.000000 
55.958335 12.475926 17.954760 75.054114 1.971734 0.935107 20.762189 11.671055 11.411027 89605.000000 87197.000000 63198.000000 
19.547492 10.468930 14.082304 84.452795 2.278718 5.363364 57.235557 17.792220 24.818763 105228.000000 86482.000000 48290.000000 
18.106111 10.295296 10.379507 60.267135 19.303415 21.997290 77.915196 1.738744 0.558693 98745.000000 78672.000000 62583.000000 
21.569303 10.812622 12.894648 83.337592 0.947328 7.773951 66.919966 18.104195 22.958146 100173.000000 90433.000000 49394.000000 
71.211085 -0.070538 1.002203 21.630839 5.319588 5.367456 64.642571 17.384509 21.323805 92509.000000 84934.000000 62557.000000 
65.816683 12.698524 20.427876 75.915573 0.222263 -2.103493 35.627261 12.624142 17.176891 115914.000000 70272.000000 53814.000000 
87.534057 1.056966 8.187000 70.203885 14.362747 23.944043 30.306382 16.323086 20.250004 98731.000000 85777.000000 55492.000000 
16.935083 4.694660 4.574794 81.205246 0.258249 6.075343 52.887336 18.445431 17.378790 131476.000000 56998.000000 51526.000000 
71.443747 2.241446 9.485797 54.177766 13.828583 22.503448 23.954113 11.278835 15.660836 135497.000000 63995.000000 40508.000000 
90.425355 0.213332 -2.326568 69.762871 13.305186 20.592418 40.119359 15.656071 17.425366 116841.000000 68309.000000 54850.000000 
65.712498 14.564424 23.102150 33.334539 14.949096 20.425282 86.457216 1.295400 7.959391 110064.000000 65050.000000 64886.000000 
32.404582 9.057423 9.537132 69.273449 13.232858 16.485375 66.263971 0.232934 -2.291919 89880.000000 76805.000000 73315.000000 
68.920223 12.434010 19.342167 89.954917 0.501152 6.685081 34.064797 12.995667 15.730642 105079.000000 95642.000000 39279.000000 
90.873043 0.378601 -2.457877 32.448445 12.263203 10.879246 65.658189 14.316765 11.460729 101140.000000 73352.000000 65508.000000 
57.422391 0.397801 -2.486360 63.712674 20.963135 20.530043 22.043414 9.316562 6.863940 100054.000000 73824.000000 66122.000000 
63.798034 16.765695 16.945774 27.423076 12.230905 12.665770 89.014767 2.016697 -0.846128 88053.000000 87887.000000 64060.000000 
66.020222 16.453896 22.708218 82.513593 0.525044 -2.018260 34.898631 15.867853 17.451836 103464.000000 86110.000000 50426.000000 
16.258120 8.965325 8.393903 60.769814 14.743136 18.327533 87.564799 0.723299 7.145423 112533.000000 67945.000000 59522.000000 
15.494557 3.679529 3.324451 62.181400 17.853720 21.026977 87.774055 0.107813 0.137940 103574.000000 74740.000000 61686.000000 
20.711225 7.747781 8.569287 81.900191 0.168628 6.260524 57.111997 18.946879 22.320001 117903.000000 62996.000000 59101.000000 
86.274340 -0.223869 5.993101 18.737975 6.308101 3.522209 60.964430 19.405388 21.071538 98289.000000 92550.000000 49161.000000 
86.597342 2.089144 8.823645 65.170281 14.180793 21.152906 34.760577 13.694402 17.951149 108807.000000 80074.000000 51119.000000 
68.739831 12.103040 18.574316 61.026022 0.474172 7.838358 37.901781 12.285945 18.192054 85281.000000 82586.000000 72133.000000 
86.001392 0.686876 -1.988727 16.124573 5.384699 2.566681 63.928612 18.647894 16.927630 110532.000000 73819.000000 55649.000000 
85.979913 0.679930 8.734253 66.612809 12.722687 21.075379 28.670620 15.037487 10.279028 107115.000000 97339.000000 35546.000000 
59.787333 16.333118 23.794034 14.072921 3.405916 4.237244 88.928330 0.657313 -1.633341 86564.000000 76780.000000 76656.000000 
74.213894 0.964273 -1.997742 15.344376 6.437051 1.168890 60.301554 20.234337 17.088271 111530.000000 72802.000000 55668.000000 
85.896186 0.337025 -2.157521 23.412802 10.372037 10.618217 71.257350 17.053977 21.810292 94977.000000 91662.000000 53361.000000 
87.810858 -0.508149 6.457060 70.912922 18.284800 22.962140 26.071864 9.707891 12.138703 115284.000000 64163.000000 60553.000000 
14.137339 4.317479 2.272422 87.502261 -0.214455 5.945687 60.606899 19.317980 20.875653 90792.000000 89845.000000 59363.000000 
80.593592 0.179572 -2.357788 66.659067 12.070959 20.854466 39.311570 15.649132 17.869087 119310.000000 82676.000000 38014.000000 
70.685011 11.173025 19.922351 30.546136 10.819815 13.269445 67.101392 0.289556 -1.776826 99897.000000 78643.000000 61460.000000 
68.938281 14.113666 24.449611 39.164890 13.273406 21.420345 81.799421 0.245232 -2.095466 96141.000000 81489.000000 62370.000000 
83.439872 0.924369 7.627690 64.714665 13.079288 18.771697 34.298846 8.489106 12.934308 122436.000000 70828.000000 46736.000000 
79.011872 0.257240 -2.322926 65.829290 19.767982 22.341639 25.415814 12.492409 11.787655 115386.000000 67084.000000 57530.000000 
73.957283 1.282767 6.766308 19.729671 9.555704 8.269802 56.950608 24.410170 24.920138 103531.000000 87260.000000 49209.000000 
63.329064 17.712711 20.984423 29.787049 14.367752 10.006599 87.497957 -3.000088 -11.073690 116941.000000 84614.000000 38445.000000 
28.104485 13.123168 12.776169 78.439108 0.334023 -2.278162 70.587380 15.329399 20.462480 91729.000000 80612.000000 67659.000000 
73.445927 14.552985 19.551825 96.792724 -0.861529 -2.022930 36.690043 13.047042 20.388291 87226.000000 78704.000000 74070.000000 
72.813127 -0.027055 -2.419651 26.871517 8.285885 12.724915 69.010051 15.624451 21.530805 109174.000000 81330.000000 49496.000000 
71.889962 11.563235 20.928718 85.716105 0.169839 -1.805653 42.414185 12.005522 20.544839 88318.000000 87919.000000 63763.000000 
74.068137 5.189751 11.750923 12.127384 5.062806 3.400976 55.244870 18.505940 20.525452 122284.000000 82975.000000 34741.000000 
13.259793 2.525071 7.111823 86.742034 -0.103322 6.640124 71.331391 18.823836 21.989356 103463.000000 73560.000000 62977.000000 
65.273975 14.416964 22.098150 84.598646 2.794923 10.263340 30.599360 13.772547 17.729995 93602.000000 82361.000000 64037.000000 
82.189061 3.421105 9.135634 46.394899 11.525361 17.206242 17.556874 7.046112 10.845166 111941.000000 68560.000000 59499.000000 
79.607313 0.886115 -1.538183 61.133724 14.656331 14.653731 30.709137 10.678134 9.485044 106318.000000 75518.000000 58164.000000 
86.146712 1.561031 8.102147 65.319704 15.050874 21.170903 31.294099 12.412941 17.170520 140048.000000 56273.000000 43679.000000 
71.063104 13.875342 22.198767 75.814627 0.395471 -1.817522 39.117971 15.129862 18.254719 113665.000000 70494.000000 55841.000000 
90.640808 0.082177 -2.489009 78.865491 11.645745 17.844697 46.246861 13.394870 18.949269 119922.000000 80178.000000 39900.000000 
19.243071 10.065206 9.377743 73.549139 0.468912 -2.291930 64.110385 19.521967 20.834731 108489.000000 67489.000000 64022.000000 
85.944541 1.550341 7.312138 66.824196 13.114853 22.647617 32.158738 15.260297 19.645420 102891.000000 98700.000000 38409.000000 
63.558547 7.585673 16.915362 87.170024 0.742038 7.208411 33.356361 12.171398 20.660309 119118.000000 87525.000000 33357.000000 
75.350715 0.141337 7.246743 65.342730 13.324372 19.813558 35.319994 15.349541 19.844499 99463.000000 94694.000000 45843.000000 
16.148875 5.742357 6.567955 66.691758 -0.219946 6.988173 63.670382 18.463636 21.859872 109648.000000 86391.000000 43961.000000 
87.617411 1.490626 8.188184 68.276661 14.878798 19.952172 35.541815 16.728553 17.550170 130206.000000 69152.000000 40642.000000 
81.282559 1.230088 7.062365 30.606968 12.631646 16.499683 64.344893 16.213814 20.902031 96402.000000 72763.000000 70835.000000 
75.809047 2.697470 1.887237 65.161623 9.979792 19.865517 42.880967 11.993919 21.615553 99327.000000 75718.000000 64955.000000 
71.706305 0.100586 -2.317063 66.242400 13.730445 21.097657 29.114152 11.738935 15.346502 88883.000000 83289.000000 67828.000000 
86.097907 0.243800 6.222832 68.597176 15.078502 16.794485 20.762499 5.077873 3.091684 119211.000000 71745.000000 49044.000000 
63.516555 14.073040 17.185974 83.533657 0.417071 7.212159 35.015798 8.188796 12.173535 95069.000000 77932.000000 66999.000000 
23.915835 7.987368 9.346853 86.647110 0.237387 -2.498351 58.530222 17.903455 22.707204 97892.000000 79059.000000 63049.000000 
74.627229 7.992143 14.456567 21.684791 9.111222 10.126378 47.585151 16.214763 19.034919 97488.000000 71655.000000 70857.000000 
86.060081 0.080347 -2.241662 73.683247 11.147757 19.129398 39.839079 14.333351 20.377221 115007.000000 88636.000000 36357.000000 
87.564070 0.138083 -2.083910 72.986161 12.582957 21.797898 40.808064 17.808010 22.342802 106784.000000 94785.000000 38431.000000 
89.666085 -0.113160 6.509896 19.934933 6.413590 5.567601 69.761327 16.121039 21.909394 103873.000000 69799.000000 66328.000000 
77.361429 0.708747 7.605569 59.602073 16.046136 18.471828 22.908905 9.137265 11.390436 136046.000000 56250.000000 47704.000000 
79.184073 0.222216 -1.570911 69.663985 13.262084 20.725962 41.854855 11.818644 17.175151 98534.000000 74539.000000 66927.000000 
73.516722 -0.236434 6.771557 12.087844 7.259142 4.824076 62.728779 18.872029 23.026554 113858.000000 74976.000000 51166.000000 
12.657936 4.515193 4.304269 65.007487 10.302808 15.744897 90.352474 -0.318706 5.986481 95846.000000 77681.000000 66473.000000 
67.309254 14.095001 20.996144 85.358319 0.082468 -2.458739 32.625486 11.953649 14.370159 96913.000000 91411.000000 51676.000000 
14.512446 5.002737 3.489792 61.359064 0.187435 -2.673189 61.180650 18.256584 18.250538 105898.000000 70394.000000 63708.000000 
18.488193 10.388187 11.209613 80.737494 -0.026159 6.844056 62.580685 17.116714 21.789361 116593.000000 62721.000000 60686.000000 
50.270651 0.469304 0.138825 66.318849 17.917820 17.988933 20.699759 11.206183 7.625909 125523.000000 68876.000000 45601.000000 
78.660044 0.312056 -1.978272 67.133436 16.440738 22.423832 34.292109 14.898777 16.870309 106232.000000 86258.000000 47510.000000 
89.532376 0.345461 -1.896655 70.397398 12.250455 20.661071 43.601743 15.006629 19.132766 105409.000000 79942.000000 54649.000000 
83.815049 0.135329 6.753196 69.216787 14.664553 24.568119 38.941599 15.669375 21.341785 96857.000000 83869.000000 59274.000000 
77.878504 2.924622 8.835630 16.390050 7.186130 6.167169 53.129951 13.916665 15.277091 111186.000000 92308.000000 36506.000000 
72.370031 10.188020 12.324517 46.214556 15.664007 18.578427 20.955785 8.676756 12.328775 88001.000000 79390.000000 72609.000000 
89.588869 1.753462 6.941292 58.706761 12.582653 10.627444 26.297612 9.086037 7.550676 107687.000000 67314.000000 64999.000000 
78.196686 0.610046 -2.281607 13.282551 5.175874 -0.049194 65.493917 18.981881 16.502010 95586.000000 72959.000000 71455.000000 
89.942514 0.005398 6.277727 19.034820 5.465058 4.644860 64.379372 14.944686 20.595528 97934.000000 85988.000000 56078.000000 
88.743402 0.361202 6.633959 72.508201 10.590520 17.723017 43.773133 14.485941 20.184620 126799.000000 77659.000000 35542.000000 
63.336747 17.892026 20.161684 27.046329 12.069333 9.960108 88.418310 0.378174 -2.216945 83214.000000 82062.000000 74724.000000 
76.079107 0.172740 -2.641036 16.018815 7.824739 5.464733 70.827201 17.471785 22.337346 100195.000000 90401.000000 49404.000000 
13.789803 5.399586 -1.030715 86.430273 3.295546 7.329627 61.271190 16.910254 12.816325 98006.000000 86561.000000 55433.000000 
14.696219 7.148747 7.621607 83.209718 1.117994 7.499829 60.996984 17.272589 22.796822 96794.000000 84040.000000 59166.000000 
76.145365 1.739048 7.903083 58.642422 20.649094 17.378800 12.924154 5.323264 0.035880 131775.000000 55945.000000 52280.000000 
14.233340 6.934306 6.877211 70.778100 0.072699 -2.680758 66.002141 17.682266 22.060299 86587.000000 85933.000000 67480.000000 
68.864603 17.622790 21.310803 24.721635 9.729859 9.997272 70.797131 0.993682 -1.556194 89669.000000 83697.000000 66634.000000 
66.842927 13.468404 20.022781 69.230818 0.285058 -2.238640 31.689060 13.076031 16.786225 87272.000000 85675.000000 67053.000000 
89.536551 0.160801 -2.502394 28.233389 10.124336 8.010547 70.232913 15.185552 17.242826 102858.000000 91775.000000 45367.000000 
